test_case,n,N,alpha,algorithm,search_worst,search_average,usearch_worst,usearch_average,set_key_worst,set_key_average,delete_key_worst,delete_key_average,set_all_worst,set_all_average,delete_all_worst,delete_all_average
test_2_4.txt,16,160,0.1,Chained,3,2.08333,2,1.04167,3,2.02083,4,3.0625,3,2.0625,3,3
test_2_4.txt,16,160,0.1,Linear,2,1.08333,2,1.0625,2,1.02083,3,2.1875,2,1.0625,3,2.125
test_2_4.txt,16,160,0.1,Cuckoo,2,1.10417,2,2,4,3.0625,2,1.14583,4,3.125,2,1.1875
test_2_4.txt,16,160,0.1,Coalesced,2,1.02083,1,1,4,1.35417,3,1.20833,3,1.125,3,1.125
test_2_4.txt,16,80,0.2,Chained,3,2.20833,3,1.10417,3,2.08333,4,3.14583,3,2.125,4,3.0625
test_2_4.txt,16,80,0.2,Linear,3,1.29167,4,1.1875,2,1.10417,4,2.47917,3,1.1875,4,2.3125
test_2_4.txt,16,80,0.2,Cuckoo,2,1.14583,2,2,5,3.20833,2,1.1875,4,3.1875,2,1.375
test_2_4.txt,16,80,0.2,Coalesced,2,1.1875,2,1.02083,4,1.3125,3,1.25,3,1.25,3,1.25
test_2_4.txt,16,53,0.3,Chained,3,2.04167,3,1.35417,3,2.27083,4,3.02083,3,2.0625,4,3.0625
test_2_4.txt,16,53,0.3,Linear,2,1.04167,3,1.45833,3,1.39583,4,2.64583,2,1.0625,3,2.25
test_2_4.txt,16,53,0.3,Cuckoo,2,1.4375,2,2,7,3.3125,2,1.52083,4,3.375,2,1.4375
test_2_4.txt,16,53,0.3,Coalesced,3,1.45833,3,1.10417,7,1.66667,4,1.8125,4,1.6875,5,1.6875
test_2_4.txt,16,40,0.4,Chained,3,2.22917,3,1.27083,4,2.35417,4,3.25,3,2.1875,4,3.125
test_2_4.txt,16,40,0.4,Linear,3,1.3125,4,1.5,4,1.45833,4,2.79167,3,1.25,4,2.5
test_2_4.txt,16,40,0.4,Cuckoo,2,1.29167,2,2,6,3.47917,2,1.375,4,3.25,2,1.5
test_2_4.txt,16,40,0.4,Coalesced,2,1.27083,2,1.125,5,1.6875,3,1.375,3,1.375,3,1.375
test_2_4.txt,16,32,0.5,Chained,4,2.41667,4,1.35417,5,2.29167,5,3.375,4,2.3125,4,3.0625
test_2_4.txt,16,32,0.5,Linear,4,1.6875,5,1.66667,5,1.60417,5,3.1875,4,1.4375,5,2.5625
test_2_4.txt,16,32,0.5,Cuckoo,2,1.3125,2,2,65,4.60417,2,1.3125,10,3.9375,2,1.4375
test_2_4.txt,16,32,0.5,Coalesced,3,1.45833,2,1.10417,10,2.83333,4,1.83333,4,2,4,1.8125
test_2_4.txt,16,26,0.6,Chained,4,2.41667,4,1.47917,5,2.72917,5,3.29167,4,2.25,4,3.125
test_2_4.txt,16,26,0.6,Linear,4,1.64583,7,2.39583,7,2.75,7,4.125,4,1.375,7,2.9375
test_2_4.txt,16,26,0.6,Cuckoo,2,1.54167,2,2,9,4.77083,2,1.35417,6,3.6875,2,1.5625
test_2_4.txt,16,26,0.6,Coalesced,2,1.1875,2,1.02083,5,2.66667,3,1.25,3,1.375,3,1.375
test_2_4.txt,16,22,0.7,Chained,3,2.125,3,1.60417,4,2.64583,4,3.20833,3,2.1875,4,3.0625
test_2_4.txt,16,22,0.7,Linear,2,1.125,7,2.4375,9,3.0625,9,4.14583,2,1.1875,7,3
test_2_4.txt,16,22,0.7,Cuckoo,2,1.41667,2,2,5,3.47917,2,1.3125,57,7,2,1.4375
test_2_4.txt,16,22,0.7,Coalesced,4,1.64583,3,1.27083,10,3.35417,5,1.875,5,2.1875,5,1.9375
test_2_4.txt,16,20,0.8,Chained,3,2.3125,3,1.58333,4,2.8125,4,3.33333,3,2.25,4,3.1875
test_2_4.txt,16,20,0.8,Linear,5,1.8125,9,3.83333,8,3.70833,9,5.1875,3,1.5625,8,3.25
test_2_4.txt,16,20,0.8,Cuckoo,2,1.4375,2,2,12,5.75,2,1.5625,8,3.875,2,1.5
test_2_4.txt,16,20,0.8,Coalesced,3,1.39583,3,1.25,11,4.4375,4,1.52083,7,1.9375,5,1.5625
test_2_4.txt,16,17,0.9,Chained,4,2.45833,4,1.91667,5,2.89583,5,3.25,4,2.3125,5,3.25
test_2_4.txt,16,17,0.9,Linear,14,4.33333,17,7.9375,15,8.08333,17,11.4167,13,2.8125,17,5.1875
test_2_4.txt,16,17,0.9,Cuckoo,2,1.41667,2,2,8,3.79167,2,1.47917,51,6.6875,2,1.5625
test_2_4.txt,16,17,0.9,Coalesced,3,1.75,5,1.97917,19,6.3125,4,2.125,8,2.5625,6,2.1875
test_2_4.txt,16,16,1,Chained,4,2.6875,4,1.75,5,2.66667,5,3.58333,4,2.5625,4,3.1875
test_2_4.txt,16,16,1,Linear,11,4.5,16,16,16,8.3125,28,18.5,13,3.5,17,5.4375
test_2_4.txt,16,16,1,Cuckoo,2,1.3125,2,2,65,4.60417,2,1.29167,68,7.625,2,1.4375
test_2_4.txt,16,16,1,Coalesced,4,1.5,4,1.14583,5,2.375,4,1.4375,5,2.3125,5,1.4375
test_2_4.txt,16,10,1.5,Chained,4,2.89583,4,2.47917,5,3.33333,5,3.66667,4,2.6875,5,3.4375
test_2_4.txt,16,10,1.5,Linear,5,1.8125,9,3.83333,8,3.70833,9,5.1875,26,3.75,8,3.25
test_2_4.txt,16,10,1.5,Cuckoo,2,1.4375,2,2,12,5.72917,2,1.58333,37,6.125,2,1.5
test_2_4.txt,16,10,1.5,Coalesced,3,1.625,3,1.3125,15,4.8125,4,1.72917,7,2.8125,4,2
test_2_4.txt,16,8,2,Chained,4,2.72917,4,3,5,3.6875,5,3.77083,4,2.6875,5,3.3125
test_2_4.txt,16,8,2,Linear,11,4.54167,16,16,16,8.3125,28,18.5208,19,5.25,17,5.4375
test_2_4.txt,16,8,2,Cuckoo,2,1.3125,2,2,65,4.60417,2,1.29167,68,9.625,2,1.4375
test_2_4.txt,16,8,2,Coalesced,2,1.20833,5,1.22917,6,2.14583,4,1.5625,8,2.875,3,1.5
test_2_4.txt,16,6,2.5,Chained,8,4.27083,8,3.54167,9,3.72917,9,4.875,8,3.75,5,3.5
test_2_4.txt,16,6,2.5,Linear,4,1.33333,8,3.0625,8,2.22917,8,4.10417,29,5.125,8,2.75
test_2_4.txt,16,6,2.5,Cuckoo,2,1.33333,2,2,6,3.29167,2,1.375,62,11.4375,2,1.5625
test_2_4.txt,16,6,2.5,Coalesced,2,1.25,2,1.08333,8,4.04167,3,1.70833,5,2.75,3,1.5
test_2_4.txt,16,5,3,Chained,6,3.6875,6,4.25,7,4.75,7,4.45833,6,3.375,5,3.6875
test_2_4.txt,16,5,3,Linear,5,1.8125,9,3.83333,8,3.70833,9,5.1875,26,4.4375,8,3.25
test_2_4.txt,16,5,3,Cuckoo,2,1.33333,2,2,6,3.29167,2,1.375,62,11.4375,2,1.5625
test_2_4.txt,16,5,3,Coalesced,3,1.625,3,1.3125,15,4.8125,4,1.72917,7,3.0625,4,2
test_2_4.txt,16,4,3.5,Chained,6,4.125,6,5.125,7,5.5625,7,4.89583,6,3.6875,6,3.625
test_2_4.txt,16,4,3.5,Linear,11,4.54167,16,16,16,8.3125,28,18.5208,19,5.875,17,5.4375
test_2_4.txt,16,4,3.5,Cuckoo,2,1.3125,2,2,65,4.60417,2,1.29167,68,10.875,2,1.4375
test_2_4.txt,16,4,3.5,Coalesced,2,1.20833,5,1.22917,6,2.14583,4,1.5625,8,3.0625,3,1.5
test_2_4.txt,16,4,4,Chained,6,4.125,6,5.125,7,5.5625,7,4.89583,6,3.6875,6,3.625
test_2_4.txt,16,4,4,Linear,11,4.54167,16,16,16,8.3125,28,18.5208,19,5.875,17,5.4375
test_2_4.txt,16,4,4,Cuckoo,2,1.3125,2,2,65,4.60417,2,1.29167,68,10.875,2,1.4375
test_2_4.txt,16,4,4,Coalesced,2,1.20833,5,1.22917,6,2.14583,4,1.5625,8,3.0625,3,1.5
test_2_5.txt,32,320,0.1,Chained,3,2.11458,3,1.07292,4,2.0625,4,3.09375,3,2.09375,4,3.03125
test_2_5.txt,32,320,0.1,Linear,2,1.11458,4,1.08333,4,1.07292,5,2.42708,2,1.09375,4,2.125
test_2_5.txt,32,320,0.1,Cuckoo,2,1.125,2,2,4,3.07292,2,1.1875,4,3.09375,2,1.1875
test_2_5.txt,32,320,0.1,Coalesced,2,1.11458,2,1.01042,7,1.34375,3,1.39583,3,1.3125,3,1.3125
test_2_5.txt,32,160,0.2,Chained,3,2.11458,3,1.11458,4,2.08333,4,3.09375,3,2.09375,4,3.03125
test_2_5.txt,32,160,0.2,Linear,2,1.11458,6,1.23958,4,1.11458,6,2.72917,2,1.09375,4,2.3125
test_2_5.txt,32,160,0.2,Cuckoo,2,1.3125,2,2,6,3.17708,2,1.42708,4,3.21875,2,1.3125
test_2_5.txt,32,160,0.2,Coalesced,2,1.21875,2,1.08333,8,1.60417,3,1.4375,3,1.375,3,1.375
test_2_5.txt,32,106,0.3,Chained,4,2.125,4,1.35417,4,2.35417,5,3.14583,4,2.1875,4,3.03125
test_2_5.txt,32,106,0.3,Linear,3,1.20833,5,1.625,5,1.63542,5,3.02083,3,1.25,5,2.53125
test_2_5.txt,32,106,0.3,Cuckoo,2,1.42708,2,2,10,4.22917,2,1.35417,6,3.46875,2,1.5
test_2_5.txt,32,106,0.3,Coalesced,2,1.15625,2,1.09375,9,1.98958,3,1.33333,3,1.375,3,1.375
test_2_5.txt,32,80,0.4,Chained,3,2.26042,3,1.29167,4,2.22917,4,3.23958,3,2.21875,4,3.125
test_2_5.txt,32,80,0.4,Linear,6,1.40625,10,2.01042,8,1.53125,10,4.54167,5,1.40625,7,2.875
test_2_5.txt,32,80,0.4,Cuckoo,2,1.32292,2,2,6,3.53125,2,1.52083,6,3.3125,2,1.40625
test_2_5.txt,32,80,0.4,Coalesced,3,1.23958,3,1.09375,9,2.08333,4,1.4375,4,1.46875,5,1.46875
test_2_5.txt,32,64,0.5,Chained,4,2.38542,4,1.51042,5,2.47917,5,3.29167,4,2.34375,4,3.15625
test_2_5.txt,32,64,0.5,Linear,7,1.52083,10,2.82292,10,2.20833,10,4.58333,5,1.53125,8,2.8125
test_2_5.txt,32,64,0.5,Cuckoo,2,1.59375,2,2,10,4.19792,2,1.55208,10,3.875,2,1.53125
test_2_5.txt,32,64,0.5,Coalesced,2,1.125,2,1.11458,8,2.21875,3,1.45833,3,1.375,3,1.375
test_2_5.txt,32,53,0.6,Chained,4,2.40625,4,1.59375,5,2.69792,5,3.40625,4,2.46875,4,3.125
test_2_5.txt,32,53,0.6,Linear,8,2.08333,10,3.125,10,3.375,10,5.30208,7,2.125,10,3.5625
test_2_5.txt,32,53,0.6,Cuckoo,2,1.44792,2,2,8,3.64583,2,1.5625,117,7.625,2,1.53125
test_2_5.txt,32,53,0.6,Coalesced,3,1.29167,3,1.09375,12,2.77083,4,1.45833,4,1.5625,5,1.5625
test_2_5.txt,32,45,0.7,Chained,4,2.29167,4,1.5625,5,2.72917,5,3.35417,4,2.3125,4,3.09375
test_2_5.txt,32,45,0.7,Linear,17,2.59375,23,5.5625,21,5.875,23,9.70833,14,2.40625,21,4.1875
test_2_5.txt,32,45,0.7,Cuckoo,2,1.41667,2,2,5,3.39583,2,1.45833,102,6.78125,2,1.40625
test_2_5.txt,32,45,0.7,Coalesced,3,1.20833,3,1.27083,15,7.60417,4,1.51042,4,1.5625,5,1.5625
test_2_5.txt,32,40,0.8,Chained,4,2.3125,3,1.72917,5,2.64583,5,3.33333,4,2.28125,4,3.125
test_2_5.txt,32,40,0.8,Linear,10,2.10417,12,4.71875,14,4.6875,14,7.40625,9,1.8125,10,3.625
test_2_5.txt,32,40,0.8,Cuckoo,2,1.32292,2,2,6,3.53125,2,1.52083,89,6.1875,2,1.40625
test_2_5.txt,32,40,0.8,Coalesced,3,1.40625,3,1.4375,23,5.53125,4,1.75,7,2.15625,5,1.90625
test_2_5.txt,32,35,0.9,Chained,5,2.44792,4,1.76042,6,2.98958,6,3.46875,5,2.5,6,3.1875
test_2_5.txt,32,35,0.9,Linear,26,3.5,33,17.2396,32,13.5312,33,19.9688,27,3.5,31,5.875
test_2_5.txt,32,35,0.9,Cuckoo,2,1.375,2,2,5,3.28125,2,1.35417,127,10.2812,2,1.40625
test_2_5.txt,32,35,0.9,Coalesced,3,1.32292,3,1.23958,27,10.1146,4,1.73958,9,2.21875,5,1.75
test_2_5.txt,32,32,1,Chained,5,2.59375,5,1.9375,6,2.85417,6,3.51042,5,2.625,5,3.21875
test_2_5.txt,32,32,1,Linear,30,3.57292,32,32,32,15.7188,59,34.4792,25,3.875,35,6.65625
test_2_5.txt,32,32,1,Cuckoo,2,1.59375,2,2,10,4.19792,2,1.54167,81,7.3125,2,1.53125
test_2_5.txt,32,32,1,Coalesced,3,1.30208,2,1.14583,14,2.64583,4,1.83333,9,2.78125,4,1.75
test_2_5.txt,32,21,1.5,Chained,4,2.60417,4,2.54167,5,3.47917,5,3.82292,4,2.65625,4,3.15625
test_2_5.txt,32,21,1.5,Linear,7,1.33333,12,4.28125,12,3.70833,12,5.70833,48,3.9375,9,3.125
test_2_5.txt,32,21,1.5,Cuckoo,2,1.4375,2,2,9,3.54167,2,1.41667,101,9,2,1.5
test_2_5.txt,32,21,1.5,Coalesced,3,1.73958,3,1.48958,27,8.77083,4,1.95833,6,3.09375,5,2.09375
test_2_5.txt,32,16,2,Chained,6,3.35417,6,2.84375,7,3.58333,7,4.22917,6,3.25,6,3.5
test_2_5.txt,32,16,2,Linear,30,3.59375,32,32,32,15.7188,59,34.4896,40,6.125,35,6.65625
test_2_5.txt,32,16,2,Cuckoo,2,1.59375,2,2,10,4.19792,2,1.54167,81,9.09375,2,1.53125
test_2_5.txt,32,16,2,Coalesced,3,1.21875,2,1.11458,11,2.26042,3,1.4375,8,3.03125,3,1.5
test_2_5.txt,32,12,2.5,Chained,7,3.61458,7,3.71875,8,4.69792,8,4.58333,7,3.625,7,3.65625
test_2_5.txt,32,12,2.5,Linear,8,1.8125,9,3.39583,9,2.98958,9,5.42708,59,5.59375,7,3.1875
test_2_5.txt,32,12,2.5,Cuckoo,2,1.41667,2,2,8,3.52083,2,1.52083,106,10.3438,2,1.5
test_2_5.txt,32,12,2.5,Coalesced,3,1.30208,2,1.11458,15,4.45833,4,1.73958,7,3.03125,4,1.53125
test_2_5.txt,32,10,3,Chained,6,3.29167,6,3.97917,7,4.90625,7,4.42708,6,3.28125,6,3.375
test_2_5.txt,32,10,3,Linear,10,2.10417,12,4.71875,14,4.6875,14,7.40625,45,4.90625,10,3.625
test_2_5.txt,32,10,3,Cuckoo,2,1.32292,2,2,6,3.53125,2,1.52083,89,9.46875,2,1.40625
test_2_5.txt,32,10,3,Coalesced,4,1.73958,4,1.41667,26,5.79167,5,1.875,7,3.1875,5,2.0625
test_2_5.txt,32,9,3.5,Chained,8,4,8,4.5625,9,5.55208,9,5.08333,8,3.96875,6,3.5
test_2_5.txt,32,9,3.5,Linear,24,3.51042,33,15.5208,30,14.2396,33,18.3229,44,6.15625,19,5.28125
test_2_5.txt,32,9,3.5,Cuckoo,2,1.32292,2,2,6,3.53125,2,1.52083,89,9.46875,2,1.40625
test_2_5.txt,32,9,3.5,Coalesced,3,1.52083,3,1.48958,23,6.44792,4,1.82292,7,2.90625,5,1.9375
test_2_5.txt,32,8,4,Chained,8,3.88542,8,5.125,9,5.96875,9,4.76042,8,3.8125,7,3.65625
test_2_5.txt,32,8,4,Linear,30,3.59375,32,32,32,15.7188,59,34.4896,40,7,35,6.65625
test_2_5.txt,32,8,4,Cuckoo,2,1.59375,2,2,10,4.19792,2,1.54167,81,10.0938,2,1.53125
test_2_5.txt,32,8,4,Coalesced,3,1.40625,3,1.20833,12,2.46875,4,1.64583,8,3.375,5,1.8125
test_2_6.txt,64,640,0.1,Chained,3,2.02083,2,1.08333,3,2.09896,4,3.02083,3,2.01562,3,3
test_2_6.txt,64,640,0.1,Linear,2,1.02083,2,1.08333,2,1.09896,3,2.06771,2,1.01562,3,2.04688
test_2_6.txt,64,640,0.1,Cuckoo,2,1.13021,2,2,5,3.18229,2,1.19271,4,3.09375,2,1.21875
test_2_6.txt,64,640,0.1,Coalesced,2,1.08854,2,1.01042,4,1.1875,4,1.3125,4,1.26562,4,1.26562
test_2_6.txt,64,320,0.2,Chained,3,2.05729,3,1.1875,4,2.1875,4,3.10938,3,2.09375,4,3.07812
test_2_6.txt,64,320,0.2,Linear,2,1.05729,5,1.28125,4,1.26562,5,2.45312,2,1.09375,4,2.20312
test_2_6.txt,64,320,0.2,Cuckoo,2,1.27083,2,2,8,3.35938,2,1.25,4,3.17188,2,1.34375
test_2_6.txt,64,320,0.2,Coalesced,2,1.1875,3,1.04688,15,1.74479,4,1.40625,4,1.39062,4,1.39062
test_2_6.txt,64,213,0.3,Chained,4,2.1875,3,1.26562,5,2.24479,5,3.14062,4,2.15625,4,3.09375
test_2_6.txt,64,213,0.3,Linear,3,1.1875,5,1.45312,5,1.36979,5,2.65104,3,1.15625,4,2.26562
test_2_6.txt,64,213,0.3,Cuckoo,2,1.44792,2,2,9,3.6875,2,1.30729,6,3.21875,2,1.5
test_2_6.txt,64,213,0.3,Coalesced,2,1.19792,2,1.04167,11,1.78125,3,1.19792,3,1.28125,3,1.28125
test_2_6.txt,64,160,0.4,Chained,4,2.16667,4,1.35417,5,2.33854,5,3.21875,4,2.21875,4,3.15625
test_2_6.txt,64,160,0.4,Linear,5,1.28125,11,2.13542,10,1.88021,11,3.44271,4,1.29688,6,2.59375
test_2_6.txt,64,160,0.4,Cuckoo,2,1.39062,2,2,10,3.90625,2,1.45312,6,3.35938,2,1.46875
test_2_6.txt,64,160,0.4,Coalesced,3,1.25,3,1.09375,14,2.21875,4,1.42188,4,1.39062,5,1.39062
test_2_6.txt,64,128,0.5,Chained,5,2.29167,3,1.44792,6,2.4375,6,3.21354,5,2.23438,4,3.0625
test_2_6.txt,64,128,0.5,Linear,5,1.41667,8,2.03646,9,2.08854,9,4.05729,5,1.32812,8,2.64062
test_2_6.txt,64,128,0.5,Cuckoo,2,1.38021,2,2,230,5.22396,2,1.32292,22,3.95312,2,1.35938
test_2_6.txt,64,128,0.5,Coalesced,5,1.22917,5,1.08854,14,2.39062,6,1.49479,6,1.5625,7,1.5625
test_2_6.txt,64,106,0.6,Chained,4,2.3125,4,1.61979,5,2.65625,5,3.26562,4,2.28125,5,3.1875
test_2_6.txt,64,106,0.6,Linear,7,1.60938,11,2.86458,11,2.9375,11,4.40625,7,1.60938,8,3
test_2_6.txt,64,106,0.6,Cuckoo,2,1.40104,2,2,12,3.76042,2,1.39583,200,6.71875,2,1.375
test_2_6.txt,64,106,0.6,Coalesced,3,1.48958,3,1.29167,24,3.93229,4,1.56771,5,1.70312,5,1.6875
test_2_6.txt,64,91,0.7,Chained,4,2.44792,4,1.82812,5,2.73958,5,3.33854,4,2.375,5,3.1875
test_2_6.txt,64,91,0.7,Linear,8,1.94792,12,3.94271,11,3.55729,12,5.61458,7,1.78125,10,3.3125
test_2_6.txt,64,91,0.7,Cuckoo,2,1.47917,2,2,8,3.64583,2,1.45833,181,6.40625,2,1.40625
test_2_6.txt,64,91,0.7,Coalesced,3,1.40104,3,1.28646,30,5.84896,4,1.58854,8,1.78125,5,1.65625
test_2_6.txt,64,80,0.8,Chained,5,2.44271,5,1.80208,6,2.67708,6,3.47396,5,2.46875,5,3.3125
test_2_6.txt,64,80,0.8,Linear,40,3.69792,41,13.1823,40,10.5573,41,16.724,32,3.39062,29,5.10938
test_2_6.txt,64,80,0.8,Cuckoo,2,1.39062,2,2,10,3.90625,2,1.44792,187,6.98438,2,1.46875
test_2_6.txt,64,80,0.8,Coalesced,4,1.48438,5,1.36979,41,7.4375,5,1.77604,8,2.125,7,1.89062
test_2_6.txt,64,71,0.9,Chained,5,2.44271,5,1.84375,6,2.83333,6,3.47396,5,2.46875,5,3.23438
test_2_6.txt,64,71,0.9,Linear,31,3.3125,57,22.3854,55,16.8594,57,30.1042,29,3.64062,48,6.1875
test_2_6.txt,64,71,0.9,Cuckoo,2,1.5,2,2,11,4.33854,2,1.52604,127,5.5,2,1.5
test_2_6.txt,64,71,0.9,Coalesced,7,1.90625,8,1.78646,55,12.7135,7,2.03125,9,2.70312,7,2.35938
test_2_6.txt,64,64,1,Chained,6,2.49479,6,1.92708,7,2.90104,7,3.61458,6,2.53125,5,3.26562
test_2_6.txt,64,64,1,Linear,42,4.03125,64,64,64,32.349,105,67.25,21,3.95312,70,7.34375
test_2_6.txt,64,64,1,Cuckoo,2,1.38542,2,2,230,5.22396,2,1.32812,144,6.82812,2,1.35938
test_2_6.txt,64,64,1,Coalesced,5,1.21875,5,1.08854,16,2.33333,6,1.59375,11,2.59375,6,1.5625
test_2_6.txt,64,42,1.5,Chained,5,2.64583,5,2.58854,6,3.61458,6,3.54688,5,2.64062,5,3.29688
test_2_6.txt,64,42,1.5,Linear,16,2.29688,20,5.34896,19,5.69271,20,8.14583,101,6.73438,14,4.03125
test_2_6.txt,64,42,1.5,Cuckoo,2,1.31771,2,2,267,5,2,1.29167,188,8.82812,2,1.375
test_2_6.txt,64,42,1.5,Coalesced,3,1.5,4,1.43229,38,8.95833,4,1.72917,8,2.82812,5,1.8125
test_2_6.txt,64,32,2,Chained,6,2.92708,6,2.95833,7,3.83854,7,4.03125,6,3.01562,6,3.53125
test_2_6.txt,64,32,2,Linear,42,4.03646,64,64,64,32.349,105,67.2396,82,6.39062,70,7.34375
test_2_6.txt,64,32,2,Cuckoo,2,1.38542,2,2,230,5.22396,2,1.32812,144,8.51562,2,1.35938
test_2_6.txt,64,32,2,Coalesced,3,1.38542,3,1.22917,21,3.48958,4,1.58854,9,3.17188,5,1.65625
test_2_6.txt,64,25,2.5,Chained,8,3.39583,8,3.67188,9,4.57292,9,4.33854,8,3.48438,8,3.8125
test_2_6.txt,64,25,2.5,Linear,10,1.9375,21,4.25,21,3.85938,21,7.30208,131,7.09375,21,3.54688
test_2_6.txt,64,25,2.5,Cuckoo,2,1.41146,2,2,208,4.89583,2,1.38542,130,8.01562,2,1.375
test_2_6.txt,64,25,2.5,Coalesced,3,1.29167,2,1.24479,24,5.25,4,1.47917,10,3.01562,4,1.60938
test_2_6.txt,64,21,3,Chained,6,3.42188,6,4.23958,7,5.06771,7,4.18229,6,3.3125,6,3.71875
test_2_6.txt,64,21,3,Linear,16,2.29688,20,5.34896,19,5.69271,20,8.14583,101,7.95312,14,4.03125
test_2_6.txt,64,21,3,Cuckoo,2,1.36458,2,2,264,5.34896,2,1.40104,204,9.625,2,1.35938
test_2_6.txt,64,21,3,Coalesced,3,1.51562,4,1.43229,38,8.71354,4,1.70312,8,3.17188,5,1.8125
test_2_6.txt,64,18,3.5,Chained,7,3.53646,7,4.375,8,5.53125,8,4.41667,7,3.5625,7,3.78125
test_2_6.txt,64,18,3.5,Linear,25,2.5,49,17.4479,48,14.5365,49,22.5,83,7.3125,39,5.09375
test_2_6.txt,64,18,3.5,Cuckoo,2,1.5,2,2,11,4.33854,2,1.52604,127,7.71875,2,1.5
test_2_6.txt,64,18,3.5,Coalesced,3,1.48958,3,1.42708,60,18.1094,4,1.68229,14,3.1875,5,1.8125
test_2_6.txt,64,16,4,Chained,8,4.07292,8,4.95312,9,5.98438,9,5.05208,8,4,8,4.0625
test_2_6.txt,64,16,4,Linear,42,4.03125,64,64,64,32.349,105,67.2292,82,7.51562,70,7.34375
test_2_6.txt,64,16,4,Cuckoo,2,1.38542,2,2,230,5.22396,2,1.32812,144,9.40625,2,1.35938
test_2_6.txt,64,16,4,Coalesced,3,1.21875,3,1.11458,14,2.48958,4,1.38021,10,3.40625,5,1.46875
test_2_7.txt,128,1280,0.1,Chained,3,2.03646,3,1.09375,4,2.11198,4,3.0651,3,2.05469,4,3.00781
test_2_7.txt,128,1280,0.1,Linear,2,1.03646,4,1.10417,3,1.125,4,2.20833,2,1.0625,3,2.09375
test_2_7.txt,128,1280,0.1,Cuckoo,2,1.16146,2,2,5,3.17448,2,1.19271,4,3.09375,2,1.24219
test_2_7.txt,128,1280,0.1,Coalesced,3,1.09115,3,1.00781,10,1.26302,4,1.15104,4,1.17188,4,1.17188
test_2_7.txt,128,640,0.2,Chained,3,2.07552,3,1.19271,4,2.19531,4,3.10938,3,2.09375,4,3.04688
test_2_7.txt,128,640,0.2,Linear,2,1.08073,5,1.2474,4,1.23958,5,2.44792,3,1.10938,5,2.21875
test_2_7.txt,128,640,0.2,Cuckoo,2,1.27344,2,2,6,3.33594,2,1.32812,4,3.14844,2,1.36719
test_2_7.txt,128,640,0.2,Coalesced,3,1.15885,3,1.03646,17,1.55469,4,1.26042,4,1.29688,4,1.29688
test_2_7.txt,128,426,0.3,Chained,4,2.14062,5,1.26823,5,2.30208,6,3.22917,5,2.1875,4,3.07812
test_2_7.txt,128,426,0.3,Linear,4,1.1875,7,1.46094,7,1.5651,7,2.89844,5,1.25,6,2.42188
test_2_7.txt,128,426,0.3,Cuckoo,2,1.39062,2,2,10,3.61979,2,1.41667,6,3.33594,2,1.41406
test_2_7.txt,128,426,0.3,Coalesced,3,1.13802,3,1.05208,16,1.88542,4,1.20833,4,1.24219,5,1.24219
test_2_7.txt,128,320,0.4,Chained,4,2.11979,4,1.39062,4,2.42708,5,3.19531,4,2.16406,5,3.07812
test_2_7.txt,128,320,0.4,Linear,7,1.22656,9,1.72917,9,1.80469,9,3.21615,6,1.27344,6,2.4375
test_2_7.txt,128,320,0.4,Cuckoo,2,1.39844,2,2,11,3.88802,2,1.45833,10,3.39844,2,1.51562
test_2_7.txt,128,320,0.4,Coalesced,3,1.20312,3,1.08854,27,2.34375,4,1.30208,4,1.41406,4,1.41406
test_2_7.txt,128,256,0.5,Chained,5,2.33333,5,1.53385,6,2.53906,6,3.41406,5,2.32031,5,3.17969
test_2_7.txt,128,256,0.5,Linear,13,1.66927,14,2.59635,13,2.47656,14,4.71615,9,1.625,13,3.02344
test_2_7.txt,128,256,0.5,Cuckoo,2,1.48958,2,2,12,4.39323,2,1.47656,12,3.57031,2,1.47656
test_2_7.txt,128,256,0.5,Coalesced,4,1.28125,4,1.16146,29,2.86198,5,1.41146,5,1.5,5,1.5
test_2_7.txt,128,213,0.6,Chained,4,2.29688,5,1.53646,6,2.65104,6,3.40885,5,2.35938,5,3.15625
test_2_7.txt,128,213,0.6,Linear,9,1.65365,16,3.32292,16,3.61458,16,5.66667,9,1.76562,15,3.3125
test_2_7.txt,128,213,0.6,Cuckoo,2,1.47656,2,2,399,4.99219,2,1.44792,14,3.79688,2,1.49219
test_2_7.txt,128,213,0.6,Coalesced,3,1.27344,3,1.19531,32,4.27865,4,1.47917,4,1.5,5,1.49219
test_2_7.txt,128,182,0.7,Chained,4,2.32292,4,1.66406,5,2.66667,5,3.27083,4,2.32031,5,3.17188
test_2_7.txt,128,182,0.7,Linear,18,1.63802,19,3.625,19,3.75,19,5.70573,13,1.67969,15,3.23438
test_2_7.txt,128,182,0.7,Cuckoo,2,1.45312,2,2,388,4.76823,2,1.39583,26,4.25781,2,1.48438
test_2_7.txt,128,182,0.7,Coalesced,4,1.45052,4,1.33073,64,10.6953,5,1.75781,9,1.92969,7,1.80469
test_2_7.txt,128,160,0.8,Chained,4,2.38021,4,1.78385,5,2.8099,5,3.39583,4,2.36719,5,3.1875
test_2_7.txt,128,160,0.8,Linear,43,3.3151,56,13.1094,55,13.1901,56,17.5677,45,3.00781,55,5.42188
test_2_7.txt,128,160,0.8,Cuckoo,2,1.40104,2,2,11,3.89323,2,1.45833,330,6.27344,2,1.51562
test_2_7.txt,128,160,0.8,Coalesced,4,1.44271,4,1.33073,71,13.6042,5,1.83333,8,2.01562,6,1.84375
test_2_7.txt,128,142,0.9,Chained,5,2.46094,6,1.9349,6,2.95573,7,3.5625,6,2.50781,5,3.23438
test_2_7.txt,128,142,0.9,Linear,36,3.82031,55,19.3099,55,19.2865,55,24.25,37,3.78125,42,6.04688
test_2_7.txt,128,142,0.9,Cuckoo,2,1.32812,2,2,470,4.75521,2,1.38281,251,5.69531,2,1.42188
test_2_7.txt,128,142,0.9,Coalesced,6,1.57812,6,1.58333,94,19.4714,7,1.82292,12,2.27344,11,1.96094
test_2_7.txt,128,128,1,Chained,6,2.49479,6,1.99479,7,2.97135,7,3.61458,6,2.46875,6,3.27344
test_2_7.txt,128,128,1,Linear,121,7.59896,128,128,128,61.026,246,134.185,110,7.08594,133,10.6172
test_2_7.txt,128,128,1,Cuckoo,2,1.48958,2,2,12,4.39323,2,1.47396,243,5.85938,2,1.47656
test_2_7.txt,128,128,1,Coalesced,4,1.28646,4,1.16667,30,3.05729,5,1.375,14,2.58594,5,1.5
test_2_7.txt,128,85,1.5,Chained,5,2.67188,5,2.5,6,3.53646,6,3.69531,5,2.64844,5,3.25781
test_2_7.txt,128,85,1.5,Linear,21,2.44271,47,10.4661,47,9.78646,47,14.5104,200,6.125,42,4.24219
test_2_7.txt,128,85,1.5,Cuckoo,2,1.44531,2,2,11,3.81771,2,1.4349,355,9.74219,2,1.4375
test_2_7.txt,128,85,1.5,Coalesced,4,1.43229,4,1.32552,69,10.4974,5,1.60677,12,2.63281,7,1.75
test_2_7.txt,128,64,2,Chained,7,2.98958,7,2.96354,8,4.0026,8,4.10417,7,2.96875,7,3.53906
test_2_7.txt,128,64,2,Linear,121,7.61719,128,128,128,61.026,246,134.182,151,9.5625,133,10.6172
test_2_7.txt,128,64,2,Cuckoo,2,1.48958,2,2,12,4.39323,2,1.47396,243,7.28125,2,1.47656
test_2_7.txt,128,64,2,Coalesced,4,1.29688,4,1.16667,30,3.03906,5,1.39062,14,3.10156,7,1.5
test_2_7.txt,128,51,2.5,Chained,7,3.36719,7,3.47656,8,4.52344,8,4.33854,7,3.32031,7,3.53906
test_2_7.txt,128,51,2.5,Linear,10,1.76302,15,3.4401,15,3.61719,15,5.38021,258,10.3906,15,3.35938
test_2_7.txt,128,51,2.5,Cuckoo,2,1.34375,2,2,380,4.56771,2,1.3724,241,7.625,2,1.42969
test_2_7.txt,128,51,2.5,Coalesced,4,1.39323,5,1.2526,56,7.17188,5,1.67188,15,3.17969,7,1.75
test_2_7.txt,128,42,3,Chained,7,3.375,7,4.02865,8,5.08333,8,4.34375,7,3.39062,7,3.625
test_2_7.txt,128,42,3,Linear,15,1.9974,26,6.57292,26,6.40625,26,9.3776,199,8.9375,19,3.72656
test_2_7.txt,128,42,3,Cuckoo,2,1.42188,2,2,14,3.79427,2,1.44271,326,9.28906,2,1.51562
test_2_7.txt,128,42,3,Coalesced,3,1.46875,4,1.40104,81,12.8099,4,1.72135,11,3.30469,5,1.83594
test_2_7.txt,128,36,3.5,Chained,9,3.78125,10,4.63281,11,5.55469,11,4.90885,10,3.89062,8,3.90625
test_2_7.txt,128,36,3.5,Linear,35,2.90885,40,12.4401,40,11.5365,40,14.8516,166,9.07812,34,4.89062
test_2_7.txt,128,36,3.5,Cuckoo,2,1.49219,2,2,12,4.01823,2,1.4974,304,8.16406,2,1.51562
test_2_7.txt,128,36,3.5,Coalesced,3,1.46094,5,1.58333,92,19.3099,4,1.86979,14,3.05469,6,1.9375
test_2_7.txt,128,32,4,Chained,9,3.9375,9,4.94792,10,6.01042,10,5.07812,9,3.92188,8,3.95312
test_2_7.txt,128,32,4,Linear,121,7.61719,128,128,128,61.026,246,134.182,151,10.7812,133,10.6172
test_2_7.txt,128,32,4,Cuckoo,2,1.48958,2,2,12,4.39323,2,1.47396,243,8.125,2,1.47656
test_2_7.txt,128,32,4,Coalesced,4,1.26823,4,1.14323,29,2.83594,5,1.40365,12,3.42969,7,1.5
test_2_8.txt,256,2560,0.1,Chained,4,2.09245,4,1.08594,5,2.09766,5,3.07552,4,2.07812,4,3.03125
test_2_8.txt,256,2560,0.1,Linear,3,1.09896,4,1.10547,5,1.11719,5,2.32161,3,1.08203,5,2.16016
test_2_8.txt,256,2560,0.1,Cuckoo,2,1.25651,2,2,6,3.16667,2,1.23568,4,3.13672,2,1.25
test_2_8.txt,256,2560,0.1,Coalesced,2,1.04818,2,1.0013,11,1.26432,3,1.07292,3,1.08594,3,1.08594
test_2_8.txt,256,1280,0.2,Chained,4,2.14844,4,1.18359,5,2.20573,5,3.14844,4,2.14062,4,3.0625
test_2_8.txt,256,1280,0.2,Linear,5,1.20052,7,1.28776,6,1.31641,7,2.72135,5,1.19531,7,2.3125
test_2_8.txt,256,1280,0.2,Cuckoo,2,1.32552,2,2,6,3.33464,2,1.33333,6,3.22656,2,1.35938
test_2_8.txt,256,1280,0.2,Coalesced,3,1.14974,3,1.02344,34,1.79688,4,1.29688,4,1.28516,4,1.28516
test_2_8.txt,256,853,0.3,Chained,4,2.14062,4,1.28516,5,2.26823,5,3.14323,4,2.14062,5,3.05859
test_2_8.txt,256,853,0.3,Linear,5,1.22396,9,1.55078,8,1.52865,9,3.1237,4,1.21875,8,2.44141
test_2_8.txt,256,853,0.3,Cuckoo,2,1.40495,2,2,10,3.55599,2,1.3737,6,3.27734,2,1.42188
test_2_8.txt,256,853,0.3,Coalesced,3,1.1875,3,1.04688,43,2.33594,4,1.33464,4,1.32812,4,1.32812
test_2_8.txt,256,640,0.4,Chained,4,2.21615,4,1.3776,5,2.39323,5,3.22786,4,2.22266,5,3.08594
test_2_8.txt,256,640,0.4,Linear,6,1.33594,7,1.78646,7,1.78255,7,3.34115,6,1.34375,7,2.5625
test_2_8.txt,256,640,0.4,Cuckoo,2,1.44531,2,2,16,3.87891,2,1.4388,8,3.38281,2,1.46875
test_2_8.txt,256,640,0.4,Coalesced,4,1.25391,3,1.08203,54,3.58854,5,1.45833,5,1.47266,7,1.47266
test_2_8.txt,256,512,0.5,Chained,4,2.29818,4,1.52083,5,2.50521,5,3.26432,4,2.28125,5,3.11719
test_2_8.txt,256,512,0.5,Linear,7,1.46224,10,2.24089,11,2.28385,11,4.0625,8,1.51562,9,2.92578
test_2_8.txt,256,512,0.5,Cuckoo,2,1.50521,2,2,24,5.19661,2,1.49349,14,3.64844,2,1.48828
test_2_8.txt,256,512,0.5,Coalesced,4,1.31771,4,1.14844,65,5.02865,5,1.57422,5,1.53516,7,1.53516
test_2_8.txt,256,426,0.6,Chained,5,2.29427,5,1.55859,5,2.57812,6,3.23828,5,2.27734,6,3.13281
test_2_8.txt,256,426,0.6,Linear,11,1.625,14,2.80859,15,3.11198,15,4.85677,10,1.61328,15,3.05859
test_2_8.txt,256,426,0.6,Cuckoo,2,1.40495,2,2,787,4.59635,2,1.40104,16,3.75,2,1.43359
test_2_8.txt,256,426,0.6,Coalesced,4,1.28646,4,1.17188,76,6.21224,5,1.55078,8,1.58594,6,1.55469
test_2_8.txt,256,365,0.7,Chained,5,2.33333,5,1.69792,6,2.74609,6,3.36849,5,2.35547,6,3.19531
test_2_8.txt,256,365,0.7,Linear,13,1.98698,23,4.89062,23,5.10417,23,7.89714,14,2.00391,22,3.59766
test_2_8.txt,256,365,0.7,Cuckoo,2,1.42969,2,2,10,3.63932,2,1.41667,677,6.79688,2,1.4375
test_2_8.txt,256,365,0.7,Coalesced,5,1.51042,5,1.31771,145,19.0234,6,1.84245,11,2.08984,7,1.89453
test_2_8.txt,256,320,0.8,Chained,6,2.38411,6,1.78646,7,2.83464,7,3.41406,6,2.40625,6,3.17969
test_2_8.txt,256,320,0.8,Linear,46,2.8151,58,10.8372,58,9.82812,58,14.2878,57,2.91797,53,4.70703
test_2_8.txt,256,320,0.8,Cuckoo,2,1.44792,2,2,16,3.88151,2,1.4401,546,5.8125,2,1.46875
test_2_8.txt,256,320,0.8,Coalesced,4,1.47396,4,1.34375,141,24.9818,5,1.75781,9,2.01562,7,1.85938
test_2_8.txt,256,284,0.9,Chained,6,2.40885,6,1.91406,7,2.92578,6,3.40755,6,2.41797,5,3.19531
test_2_8.txt,256,284,0.9,Linear,53,3.55078,90,22.6927,90,21.8372,90,27.4245,52,3.62891,59,5.70703
test_2_8.txt,256,284,0.9,Cuckoo,2,1.48698,2,2,19,4.29557,2,1.49349,477,5.64062,2,1.49219
test_2_8.txt,256,284,0.9,Coalesced,4,1.53776,5,1.55729,199,41.1289,5,1.82422,11,2.30859,6,1.9375
test_2_8.txt,256,256,1,Chained,6,2.54557,6,2.07031,7,3.02995,7,3.48828,6,2.50781,7,3.22656
test_2_8.txt,256,256,1,Linear,220,8.80859,256,256,256,124.978,482,263.971,240,10.1914,257,14.9688
test_2_8.txt,256,256,1,Cuckoo,2,1.5026,2,2,24,5.19661,2,1.49609,515,5.9375,2,1.48828
test_2_8.txt,256,256,1,Coalesced,4,1.29427,4,1.14974,61,4.36068,5,1.49219,16,2.66797,5,1.53516
test_2_8.txt,256,170,1.5,Chained,5,2.69792,6,2.47917,7,3.58724,7,3.72005,6,2.72266,6,3.39844
test_2_8.txt,256,170,1.5,Linear,18,2.11328,28,5.95312,28,6.03385,28,8.89062,424,10.0391,17,3.83203
test_2_8.txt,256,170,1.5,Cuckoo,2,1.47005,2,2,21,4.02474,2,1.4401,668,8.81641,2,1.49219
test_2_8.txt,256,170,1.5,Coalesced,5,1.41797,5,1.35417,130,19.2956,6,1.72917,9,2.66016,9,1.77344
test_2_8.txt,256,128,2,Chained,7,2.92708,7,3.0638,8,3.97526,8,3.91536,7,2.92578,7,3.41016
test_2_8.txt,256,128,2,Linear,220,8.8138,256,256,256,124.978,482,263.97,338,14.2344,257,14.9688
test_2_8.txt,256,128,2,Cuckoo,2,1.5026,2,2,24,5.19661,2,1.49479,515,7.08203,2,1.48828
test_2_8.txt,256,128,2,Coalesced,4,1.30208,4,1.14974,60,4.50521,5,1.51562,16,3.21094,7,1.53516
test_2_8.txt,256,102,2.5,Chained,9,3.2526,9,3.45182,10,4.5651,10,4.28255,9,3.30078,8,3.69531
test_2_8.txt,256,102,2.5,Linear,20,1.68359,24,3.80078,23,3.61198,24,6.45182,508,12.7148,21,3.35156
test_2_8.txt,256,102,2.5,Cuckoo,2,1.44401,2,2,20,3.67318,2,1.42318,757,9.89062,2,1.45703
test_2_8.txt,256,102,2.5,Coalesced,4,1.3112,4,1.22135,86,7.3724,5,1.53385,12,3.10938,5,1.63281
test_2_8.txt,256,85,3,Chained,8,3.42708,8,3.97266,9,5.07552,9,4.39974,8,3.44531,9,3.75391
test_2_8.txt,256,85,3,Linear,18,2.11328,28,5.95312,28,6.03385,28,8.89062,424,12,17,3.83203
test_2_8.txt,256,85,3,Cuckoo,2,1.42057,2,2,13,3.88932,2,1.41927,610,9.35156,2,1.47656
test_2_8.txt,256,85,3,Coalesced,5,1.40755,5,1.35417,130,18.6823,6,1.71354,12,3,9,1.77344
test_2_8.txt,256,73,3.5,Chained,8,3.76953,8,4.56641,9,5.58333,9,4.80599,8,3.75781,8,3.96875
test_2_8.txt,256,73,3.5,Linear,132,6.99089,148,44.4062,148,41.1641,148,51.7839,349,13.8164,137,9.9375
test_2_8.txt,256,73,3.5,Cuckoo,2,1.29948,2,2,927,4.54818,2,1.29688,604,8.71875,2,1.35156
test_2_8.txt,256,73,3.5,Coalesced,6,1.67839,6,1.63281,205,38.4323,7,1.92578,14,3.38672,10,2.10547
test_2_8.txt,256,64,4,Chained,9,3.8737,9,5.02734,10,6.02995,10,4.9388,9,3.90625,10,3.89453
test_2_8.txt,256,64,4,Linear,220,8.8138,256,256,256,124.978,482,263.973,338,15.4727,257,14.9688
test_2_8.txt,256,64,4,Cuckoo,2,1.5026,2,2,24,5.19661,2,1.49479,515,7.79297,2,1.48828
test_2_8.txt,256,64,4,Coalesced,4,1.29557,4,1.14974,60,4.45703,5,1.5,16,3.46875,7,1.53516
test_2_9.txt,512,5120,0.1,Chained,4,2.04557,4,1.09766,4,2.09831,5,3.03385,4,2.04688,5,3.02734
test_2_9.txt,512,5120,0.1,Linear,3,1.04753,5,1.11458,5,1.12174,4,2.20117,3,1.04883,5,2.11523
test_2_9.txt,512,5120,0.1,Cuckoo,2,1.18815,2,2,6,3.16927,2,1.19141,4,3.09766,2,1.25586
test_2_9.txt,512,5120,0.1,Coalesced,3,1.05208,3,1.00391,27,1.24479,4,1.1237,4,1.09961,4,1.09961
test_2_9.txt,512,2560,0.2,Chained,4,2.09375,4,1.20508,5,2.20768,5,3.10026,4,2.10547,5,3.05469
test_2_9.txt,512,2560,0.2,Linear,3,1.10677,6,1.28841,7,1.29102,7,2.50846,4,1.11719,5,2.26562
test_2_9.txt,512,2560,0.2,Cuckoo,2,1.30599,2,2,8,3.3444,2,1.33008,6,3.19922,2,1.37891
test_2_9.txt,512,2560,0.2,Coalesced,3,1.08854,3,1.01562,51,1.78711,4,1.18359,4,1.20312,5,1.20312
test_2_9.txt,512,1706,0.3,Chained,5,2.13932,5,1.31706,6,2.28646,6,3.12435,5,2.13672,5,3.07031
test_2_9.txt,512,1706,0.3,Linear,6,1.22526,9,1.55794,9,1.51628,9,2.97786,5,1.2168,7,2.39062
test_2_9.txt,512,1706,0.3,Cuckoo,2,1.3737,2,2,10,3.54622,2,1.38932,8,3.25391,2,1.44727
test_2_9.txt,512,1706,0.3,Coalesced,3,1.14128,3,1.05273,81,3.75326,4,1.30339,4,1.31836,5,1.31836
test_2_9.txt,512,1280,0.4,Chained,5,2.20312,5,1.41081,6,2.41146,6,3.22852,5,2.22852,5,3.11719
test_2_9.txt,512,1280,0.4,Linear,8,1.34375,12,1.90234,12,1.86914,12,3.50651,10,1.37695,10,2.66602
test_2_9.txt,512,1280,0.4,Cuckoo,2,1.42513,2,2,18,4.36589,2,1.41732,14,3.50586,2,1.46094
test_2_9.txt,512,1280,0.4,Coalesced,4,1.25,4,1.08398,105,4.52669,5,1.41471,5,1.44922,6,1.44922
test_2_9.txt,512,1024,0.5,Chained,5,2.19987,5,1.49219,6,2.50326,6,3.2194,5,2.21875,5,3.11133
test_2_9.txt,512,1024,0.5,Linear,7,1.3444,14,2.2474,13,2.27148,14,3.9082,12,1.38281,13,2.78711
test_2_9.txt,512,1024,0.5,Cuckoo,2,1.48242,2,2,22,4.63281,2,1.47917,12,3.53906,2,1.48438
test_2_9.txt,512,1024,0.5,Coalesced,4,1.29753,4,1.14193,127,7.19531,5,1.48112,5,1.54102,5,1.54102
test_2_9.txt,512,853,0.6,Chained,6,2.29622,6,1.61198,7,2.58138,7,3.28451,6,2.2832,5,3.125
test_2_9.txt,512,853,0.6,Linear,15,1.82812,24,3.31185,24,3.36719,24,5.56901,14,1.79102,16,3.24023
test_2_9.txt,512,853,0.6,Cuckoo,2,1.44141,2,2,11,3.52539,2,1.41471,1469,6.79102,2,1.48438
test_2_9.txt,512,853,0.6,Coalesced,4,1.29818,5,1.21224,162,12.722,6,1.56641,6,1.66211,7,1.63477
test_2_9.txt,512,731,0.7,Chained,4,2.33464,4,1.69792,5,2.69661,5,3.34961,4,2.33203,5,3.16406
test_2_9.txt,512,731,0.7,Linear,30,2.15625,37,5.36133,37,5.25846,37,8.29688,23,2.08984,32,3.83398
test_2_9.txt,512,731,0.7,Cuckoo,2,1.41862,2,2,16,3.75586,2,1.42643,1437,7.22656,2,1.49609
test_2_9.txt,512,731,0.7,Coalesced,5,1.42773,5,1.29557,262,33.8835,6,1.69401,11,1.93555,9,1.76562
test_2_9.txt,512,640,0.8,Chained,6,2.39518,6,1.83464,7,2.8099,7,3.42448,6,2.41406,6,3.20508
test_2_9.txt,512,640,0.8,Linear,30,2.28451,35,8.06185,35,7.76237,35,10.9603,21,2.37109,28,4.30469
test_2_9.txt,512,640,0.8,Cuckoo,2,1.42578,2,2,18,4.36198,2,1.41732,1138,6.04102,2,1.46094
test_2_9.txt,512,640,0.8,Coalesced,5,1.47591,7,1.36458,310,52.2871,6,1.71549,16,2.08594,7,1.82227
test_2_9.txt,512,568,0.9,Chained,5,2.36198,5,1.9043,6,2.91211,6,3.3724,5,2.38672,6,3.19531
test_2_9.txt,512,568,0.9,Linear,67,3.3138,72,17.9844,72,17.7767,72,21.1602,60,3.34961,65,5.61133
test_2_9.txt,512,568,0.9,Cuckoo,2,1.45508,2,2,15,4.25846,2,1.43945,1040,5.87695,2,1.49023
test_2_9.txt,512,568,0.9,Coalesced,5,1.56771,7,1.64128,392,79.8594,6,1.86263,13,2.34766,9,2.01953
test_2_9.txt,512,512,1,Chained,7,2.46029,7,1.99349,8,3.05469,8,3.50326,7,2.48242,6,3.24414
test_2_9.txt,512,512,1,Linear,430,11.3444,512,512,512,254.649,936,523.059,442,10.6152,512,15.6387
test_2_9.txt,512,512,1,Cuckoo,2,1.48177,2,2,22,4.64193,2,1.47852,981,5.88867,2,1.48438
test_2_9.txt,512,512,1,Coalesced,4,1.28906,4,1.14258,128,7.52409,5,1.51497,21,2.67383,5,1.54102
test_2_9.txt,512,341,1.5,Chained,6,2.68815,6,2.46549,7,3.48893,7,3.72786,6,2.69531,6,3.31836
test_2_9.txt,512,341,1.5,Linear,30,2.51693,37,6.95117,37,7.61589,37,10.5846,870,8.63281,33,4.29297
test_2_9.txt,512,341,1.5,Cuckoo,2,1.44076,2,2,12,3.86328,2,1.43685,1144,7.63672,2,1.47266
test_2_9.txt,512,341,1.5,Coalesced,4,1.50716,5,1.40039,297,42.1823,6,1.7181,13,2.85742,7,1.86328
test_2_9.txt,512,256,2,Chained,9,2.93945,9,3.01367,10,4.06315,10,4.05404,9,3.00195,8,3.50977
test_2_9.txt,512,256,2,Linear,430,11.3464,512,512,512,254.649,936,523.048,646,16.2109,512,15.6387
test_2_9.txt,512,256,2,Cuckoo,2,1.48177,2,2,22,4.64062,2,1.47852,981,7.02539,2,1.48438
test_2_9.txt,512,256,2,Coalesced,4,1.27669,4,1.14258,128,7.32617,5,1.47461,21,3.24023,5,1.54102
test_2_9.txt,512,204,2.5,Chained,8,3.2194,8,3.44401,9,4.46289,9,4.21159,8,3.18164,9,3.56641
test_2_9.txt,512,204,2.5,Linear,14,1.74805,23,4.06445,23,3.98047,23,6.36914,977,11.8965,19,3.41406
test_2_9.txt,512,204,2.5,Cuckoo,2,1.39583,2,2,10,3.5957,2,1.40951,1339,9.11328,2,1.44727
test_2_9.txt,512,204,2.5,Coalesced,5,1.37695,5,1.20378,194,15.6947,5,1.56901,18,3.17188,7,1.66992
test_2_9.txt,512,170,3,Chained,10,3.47005,10,4.06185,11,5.00911,11,4.46094,10,3.42383,10,3.66992
test_2_9.txt,512,170,3,Linear,36,2.49219,53,7.97591,53,8.00391,53,11.2552,863,13.6855,41,4.25391
test_2_9.txt,512,170,3,Cuckoo,2,1.46159,2,2,16,3.81185,2,1.44792,1284,9.5,2,1.48438
test_2_9.txt,512,170,3,Coalesced,5,1.43424,5,1.29557,258,32.4635,6,1.64258,18,3.07422,7,1.74414
test_2_9.txt,512,146,3.5,Chained,10,3.78906,10,4.53451,11,5.49609,11,4.83919,10,3.80273,9,3.80859
test_2_9.txt,512,146,3.5,Linear,96,5.1276,118,26.7982,118,25.2122,118,35.724,782,15.9629,92,7.39648
test_2_9.txt,512,146,3.5,Cuckoo,2,1.4362,2,2,17,4.32487,2,1.44987,1034,7.89062,2,1.47461
test_2_9.txt,512,146,3.5,Coalesced,6,1.57357,6,1.58919,407,79.2995,6,1.79948,15,3.31445,10,1.99414
test_2_9.txt,512,128,4,Chained,13,3.87435,13,5.03841,14,6.11003,12,4.98698,13,3.9707,11,3.95312
test_2_9.txt,512,128,4,Linear,430,11.349,512,512,512,254.649,936,523.046,646,18.2324,512,15.6387
test_2_9.txt,512,128,4,Cuckoo,2,1.48177,2,2,22,4.64062,2,1.47852,981,7.59766,2,1.48438
test_2_9.txt,512,128,4,Coalesced,4,1.27669,4,1.14258,128,7.30599,5,1.47005,21,3.51172,6,1.54102
test_2_10.txt,1024,10240,0.1,Chained,4,2.04688,3,1.09635,5,2.10352,5,3.04883,4,2.04785,5,3.02832
test_2_10.txt,1024,10240,0.1,Linear,4,1.04948,4,1.1123,5,1.11849,5,2.20703,4,1.05078,5,2.10645
test_2_10.txt,1024,10240,0.1,Cuckoo,2,1.19629,2,2,6,3.17155,2,1.19108,4,3.09082,2,1.23242
test_2_10.txt,1024,10240,0.1,Coalesced,3,1.06152,3,1.00618,60,1.49284,4,1.12598,4,1.12109,5,1.12109
test_2_10.txt,1024,5120,0.2,Chained,5,2.09408,4,1.19954,5,2.20475,6,3.10514,5,2.10059,5,3.05469
test_2_10.txt,1024,5120,0.2,Linear,6,1.11035,5,1.27474,5,1.27962,7,2.47266,6,1.11719,7,2.23926
test_2_10.txt,1024,5120,0.2,Cuckoo,2,1.33984,2,2,9,3.32812,2,1.32389,6,3.1875,2,1.35645
test_2_10.txt,1024,5120,0.2,Coalesced,3,1.11491,3,1.02441,115,2.7959,4,1.2347,4,1.23438,5,1.23438
test_2_10.txt,1024,3413,0.3,Chained,5,2.16829,5,1.30827,5,2.28516,6,3.19987,5,2.17578,6,3.09082
test_2_10.txt,1024,3413,0.3,Linear,6,1.2526,10,1.56152,11,1.5026,11,3.08496,6,1.26855,9,2.4834
test_2_10.txt,1024,3413,0.3,Cuckoo,2,1.43229,2,2,11,3.55273,2,1.39583,8,3.31152,2,1.4541
test_2_10.txt,1024,3413,0.3,Coalesced,4,1.18262,4,1.06217,167,4.92383,5,1.3252,5,1.34375,6,1.34375
test_2_10.txt,1024,2560,0.4,Chained,6,2.20703,6,1.41113,7,2.41146,7,3.22461,6,2.20703,6,3.10059
test_2_10.txt,1024,2560,0.4,Linear,7,1.31055,13,1.88053,14,1.86556,14,3.42448,7,1.30566,13,2.60449
test_2_10.txt,1024,2560,0.4,Cuckoo,2,1.46126,2,2,20,4.06283,2,1.45801,12,3.43164,2,1.48242
test_2_10.txt,1024,2560,0.4,Coalesced,4,1.2627,4,1.0931,211,7.99805,5,1.41276,5,1.45312,7,1.45312
test_2_10.txt,1024,2048,0.5,Chained,5,2.23145,5,1.50065,6,2.5026,6,3.25228,5,2.23926,5,3.125
test_2_10.txt,1024,2048,0.5,Linear,19,1.43294,20,2.33659,20,2.38477,20,4.18945,15,1.44336,14,2.8125
test_2_10.txt,1024,2048,0.5,Cuckoo,2,1.48047,2,2,30,5.35026,2,1.46257,18,3.61035,2,1.5
test_2_10.txt,1024,2048,0.5,Coalesced,5,1.28646,5,1.14388,249,12.972,6,1.47721,6,1.53125,7,1.53125
test_2_10.txt,1024,1706,0.6,Chained,6,2.30371,6,1.60905,7,2.58626,7,3.30501,6,2.29688,6,3.15234
test_2_10.txt,1024,1706,0.6,Linear,23,1.67839,38,3.63509,38,3.45964,38,5.96126,18,1.66895,28,3.14648
test_2_10.txt,1024,1706,0.6,Cuckoo,2,1.40983,2,2,10,3.54102,2,1.37956,2990,6.95312,2,1.43457
test_2_10.txt,1024,1706,0.6,Coalesced,5,1.35807,5,1.20443,352,24.1911,6,1.58105,9,1.71094,7,1.6582
test_2_10.txt,1024,1462,0.7,Chained,5,2.33984,5,1.71842,6,2.68522,6,3.35319,5,2.32715,6,3.1582
test_2_10.txt,1024,1462,0.7,Linear,28,1.95736,44,5.88965,44,5.85352,44,8.94661,36,1.99707,40,3.71191
test_2_10.txt,1024,1462,0.7,Cuckoo,2,1.43359,2,2,13,3.66439,2,1.4209,2731,7.00781,2,1.45215
test_2_10.txt,1024,1462,0.7,Coalesced,5,1.42285,6,1.27181,458,46.2982,6,1.65788,12,1.87988,9,1.75977
test_2_10.txt,1024,1280,0.8,Chained,6,2.41439,7,1.8099,8,2.81087,8,3.47493,7,2.42285,7,3.20508
test_2_10.txt,1024,1280,0.8,Linear,106,3.16602,143,21.8132,143,20.8441,143,29.2689,120,3.50586,115,5.67188
test_2_10.txt,1024,1280,0.8,Cuckoo,2,1.46061,2,2,20,4.06673,2,1.45671,2145,5.91504,2,1.48242
test_2_10.txt,1024,1280,0.8,Coalesced,5,1.46908,6,1.40137,626,91.3512,6,1.72786,14,2.0957,7,1.85059
test_2_10.txt,1024,1137,0.9,Chained,7,2.47103,7,1.93001,8,2.89258,8,3.51595,7,2.48047,6,3.22754
test_2_10.txt,1024,1137,0.9,Linear,179,4.52995,199,35.9189,199,33.8118,199,42.7357,191,4.97168,174,7.49707
test_2_10.txt,1024,1137,0.9,Cuckoo,2,1.35547,2,2,3571,4.87533,2,1.34212,2064,6.13184,2,1.39648
test_2_10.txt,1024,1137,0.9,Coalesced,7,1.60417,7,1.5778,800,146.668,8,1.90137,21,2.39746,11,2.05176
test_2_10.txt,1024,1024,1,Chained,6,2.44434,6,2.01237,7,3.01497,7,3.48926,6,2.47266,7,3.23047
test_2_10.txt,1024,1024,1,Linear,1005,26.7168,1024,1024,1024,517.654,1952,1055.82,1005,29.1797,1027,33.2207
test_2_10.txt,1024,1024,1,Cuckoo,2,1.48079,2,2,30,5.35026,2,1.46387,2035,6.23438,2,1.5
test_2_10.txt,1024,1024,1,Coalesced,4,1.27702,7,1.15072,250,12.8802,5,1.48145,20,2.71387,7,1.52734
test_2_10.txt,1024,682,1.5,Chained,9,2.77832,9,2.46484,10,3.51367,10,3.82812,9,2.78711,8,3.3916
test_2_10.txt,1024,682,1.5,Linear,38,2.4362,50,8.35612,50,8.13184,50,12.137,1752,14.2861,41,4.33008
test_2_10.txt,1024,682,1.5,Cuckoo,2,1.45052,2,2,14,3.86621,2,1.44661,2365,7.9375,2,1.47363
test_2_10.txt,1024,682,1.5,Coalesced,5,1.4388,5,1.33529,539,66.4788,6,1.74056,12,2.80078,8,1.80273
test_2_10.txt,1024,512,2,Chained,10,2.97559,10,3.01921,11,4.05371,11,4.05436,10,3,8,3.49414
test_2_10.txt,1024,512,2,Linear,1005,26.7178,1024,1024,1024,517.654,1952,1055.82,1221,34.9873,1027,33.2207
test_2_10.txt,1024,512,2,Cuckoo,2,1.48079,2,2,30,5.34961,2,1.46387,2035,7.41699,2,1.5
test_2_10.txt,1024,512,2,Coalesced,4,1.2806,7,1.15072,250,12.9798,5,1.4821,21,3.28027,6,1.52734
test_2_10.txt,1024,409,2.5,Chained,12,3.28125,12,3.45215,13,4.49512,13,4.30631,12,3.30176,12,3.63672
test_2_10.txt,1024,409,2.5,Linear,31,1.88737,33,4.01367,33,3.96061,33,6.74609,2004,21.7422,22,3.46875
test_2_10.txt,1024,409,2.5,Cuckoo,2,1.33757,2,2,4478,4.98926,2,1.33171,2906,9.9502,2,1.26855
test_2_10.txt,1024,409,2.5,Coalesced,5,1.35905,5,1.20378,346,27.8164,6,1.59635,22,3.05078,7,1.64844
test_2_10.txt,1024,341,3,Chained,12,3.45833,12,3.9694,13,4.98665,13,4.53874,12,3.4873,9,3.71973
test_2_10.txt,1024,341,3,Linear,38,2.4362,50,8.35612,50,8.13184,50,12.137,1752,17.3994,41,4.33008
test_2_10.txt,1024,341,3,Cuckoo,2,1.44694,2,2,15,3.82324,2,1.45801,2477,8.62012,2,1.49121
test_2_10.txt,1024,341,3,Coalesced,5,1.43392,5,1.33529,539,67.0449,6,1.73796,13,3.19531,8,1.80273
test_2_10.txt,1024,292,3.5,Chained,12,3.74023,12,4.60059,13,5.52279,13,4.84408,12,3.75293,9,3.83496
test_2_10.txt,1024,292,3.5,Linear,83,3.68229,97,19.3887,97,19.3617,97,24.6709,1468,20.9053,95,6.16016
test_2_10.txt,1024,292,3.5,Cuckoo,2,1.46973,2,2,27,4.55208,2,1.4528,2115,8.13477,2,1.48145
test_2_10.txt,1024,292,3.5,Coalesced,10,1.54036,10,1.60026,779,137.206,11,1.82878,16,3.30566,12,2
test_2_10.txt,1024,256,4,Chained,14,4.01367,14,5.03646,15,6.03906,15,5.21029,14,4.06348,11,4.03516
test_2_10.txt,1024,256,4,Linear,1005,26.7165,1024,1024,1024,517.654,1952,1055.82,1221,37.7852,1027,33.2207
test_2_10.txt,1024,256,4,Cuckoo,2,1.48079,2,2,30,5.35026,2,1.46387,2035,7.98535,2,1.5
test_2_10.txt,1024,256,4,Coalesced,4,1.27799,7,1.15072,250,12.7881,5,1.47559,21,3.56348,6,1.52734
test_2_11.txt,2048,20480,0.1,Chained,4,2.05859,4,1.10107,5,2.10059,5,3.0568,4,2.05518,4,3.02441
test_2_11.txt,2048,20480,0.1,Linear,5,1.0638,7,1.12402,5,1.11621,7,2.22266,5,1.06055,6,2.11328
test_2_11.txt,2048,20480,0.1,Cuckoo,2,1.19124,2,2,8,3.17546,2,1.18896,4,3.09375,2,1.22705
test_2_11.txt,2048,20480,0.1,Coalesced,3,1.05957,2,1.00716,118,1.61898,4,1.12467,4,1.12012,4,1.12012
test_2_11.txt,2048,10240,0.2,Chained,6,2.10547,4,1.19694,5,2.20426,7,3.10563,6,2.10254,6,3.04883
test_2_11.txt,2048,10240,0.2,Linear,7,1.12826,10,1.28434,10,1.28174,10,2.52018,7,1.12354,8,2.24854
test_2_11.txt,2048,10240,0.2,Cuckoo,2,1.32015,2,2,12,3.33464,2,1.3195,10,3.19922,2,1.36572
test_2_11.txt,2048,10240,0.2,Coalesced,4,1.12956,4,1.02686,234,3.81234,5,1.236,5,1.23975,5,1.23975
test_2_11.txt,2048,6826,0.3,Chained,5,2.13216,5,1.30469,6,2.29102,6,3.14437,5,2.14307,5,3.06885
test_2_11.txt,2048,6826,0.3,Linear,10,1.19401,12,1.5332,11,1.51742,12,2.97705,9,1.21094,11,2.4043
test_2_11.txt,2048,6826,0.3,Cuckoo,2,1.40967,2,2,11,3.55469,2,1.40755,8,3.28564,2,1.43115
test_2_11.txt,2048,6826,0.3,Coalesced,4,1.1665,3,1.05518,315,7.4554,5,1.29818,5,1.32373,7,1.32373
test_2_11.txt,2048,5120,0.4,Chained,6,2.20866,6,1.39437,6,2.40544,7,3.2111,6,2.21094,6,3.1084
test_2_11.txt,2048,5120,0.4,Linear,13,1.34668,15,1.882,16,1.86523,17,3.54639,11,1.34131,16,2.62549
test_2_11.txt,2048,5120,0.4,Cuckoo,2,1.4624,2,2,39,4.1722,2,1.45166,20,3.45117,2,1.48975
test_2_11.txt,2048,5120,0.4,Coalesced,4,1.25,4,1.09684,414,13.8988,6,1.42155,6,1.4458,9,1.4458
test_2_11.txt,2048,4096,0.5,Chained,6,2.25521,6,1.51611,7,2.49756,7,3.2487,6,2.25049,7,3.12402
test_2_11.txt,2048,4096,0.5,Linear,16,1.50228,25,2.46859,25,2.43929,25,4.41146,16,1.49805,16,2.86084
test_2_11.txt,2048,4096,0.5,Cuckoo,2,1.47965,2,2,35,5.12907,2,1.48031,22,3.64014,2,1.49805
test_2_11.txt,2048,4096,0.5,Coalesced,5,1.30745,5,1.14144,521,22.7064,6,1.49967,6,1.56494,7,1.56494
test_2_11.txt,2048,3413,0.6,Chained,6,2.28109,6,1.61637,7,2.58773,7,3.30404,6,2.2998,6,3.15088
test_2_11.txt,2048,3413,0.6,Linear,29,1.72201,37,3.73861,39,3.72168,39,6.25228,20,1.75,28,3.30957
test_2_11.txt,2048,3413,0.6,Cuckoo,2,1.39941,2,2,21,3.63965,2,1.40365,5850,7.01758,2,1.44336
test_2_11.txt,2048,3413,0.6,Coalesced,6,1.34863,6,1.20817,704,46.7505,7,1.57048,12,1.70117,8,1.64209
test_2_11.txt,2048,2925,0.7,Chained,6,2.33057,6,1.70492,7,2.72249,7,3.35238,6,2.34863,6,3.1748
test_2_11.txt,2048,2925,0.7,Linear,71,2.40267,75,6.67952,75,6.80225,75,10.6395,63,2.38623,66,4.14307
test_2_11.txt,2048,2925,0.7,Cuckoo,2,1.42269,2,2,21,3.76335,2,1.43327,4889,6.05322,2,1.46045
test_2_11.txt,2048,2925,0.7,Coalesced,6,1.40381,6,1.27848,923,95.4552,7,1.64453,11,1.8584,7,1.72949
test_2_11.txt,2048,2560,0.8,Chained,7,2.43132,7,1.80436,8,2.81266,8,3.43115,7,2.42969,8,3.22021
test_2_11.txt,2048,2560,0.8,Linear,62,2.86621,95,13.3848,95,13.4523,95,19.0588,63,2.88574,94,5.02588
test_2_11.txt,2048,2560,0.8,Cuckoo,2,1.46289,2,2,39,4.17155,2,1.4515,4290,5.94727,2,1.48975
test_2_11.txt,2048,2560,0.8,Coalesced,6,1.5153,7,1.41585,1250,175.266,7,1.79085,15,2.12207,11,1.89453
test_2_11.txt,2048,2275,0.9,Chained,7,2.46468,7,1.88965,8,2.88851,8,3.49105,7,2.47119,7,3.23779
test_2_11.txt,2048,2275,0.9,Linear,213,5.81624,315,47.613,315,47.2791,315,56.3473,295,5.9082,283,8.35254
test_2_11.txt,2048,2275,0.9,Cuckoo,2,1.45312,2,2,30,4.33756,2,1.45996,3759,5.68018,2,1.48438
test_2_11.txt,2048,2275,0.9,Coalesced,7,1.53646,9,1.57959,1609,315.203,8,1.84896,15,2.35547,9,1.98779
test_2_11.txt,2048,2048,1,Chained,6,2.48438,6,2.01204,7,2.99512,7,3.47689,6,2.48096,7,3.24219
test_2_11.txt,2048,2048,1,Linear,1948,37.6953,2048,2048,2048,1029.31,4092,2084.62,1870,35.9116,2048,40.9644
test_2_11.txt,2048,2048,1,Cuckoo,2,1.47933,2,2,35,5.12939,2,1.47998,3672,5.94531,2,1.49805
test_2_11.txt,2048,2048,1,Coalesced,5,1.31201,5,1.14176,523,22.8602,6,1.49463,19,2.69287,9,1.56494
test_2_11.txt,2048,1365,1.5,Chained,8,2.75228,8,2.52962,9,3.48861,9,3.77262,8,2.75244,8,3.36377
test_2_11.txt,2048,1365,1.5,Linear,48,2.36686,58,7.04378,58,6.84782,58,10.3799,3485,18.2979,53,4.16748
test_2_11.txt,2048,1365,1.5,Cuckoo,2,1.43457,2,2,16,3.86572,2,1.43132,4790,8.03857,2,1.47363
test_2_11.txt,2048,1365,1.5,Coalesced,6,1.45345,6,1.32747,1099,136.068,7,1.69531,17,2.75977,9,1.78711
test_2_11.txt,2048,1024,2,Chained,7,2.98258,7,2.99251,8,4.01383,8,3.96826,7,2.97559,8,3.50293
test_2_11.txt,2048,1024,2,Linear,1948,37.6951,2048,2048,2048,1029.31,4092,2084.62,2504,51.0015,2048,40.9644
test_2_11.txt,2048,1024,2,Cuckoo,2,1.47933,2,2,35,5.12939,2,1.47998,3670,7.25732,2,1.49805
test_2_11.txt,2048,1024,2,Coalesced,5,1.29671,5,1.14779,507,24.4637,6,1.50488,20,3.31348,9,1.5415
test_2_11.txt,2048,819,2.5,Chained,9,3.1875,9,3.50179,10,4.48812,10,4.22282,9,3.19971,9,3.62549
test_2_11.txt,2048,819,2.5,Linear,25,1.74723,30,3.88981,30,3.77995,30,6.3667,4099,32.7422,25,3.33838
test_2_11.txt,2048,819,2.5,Cuckoo,2,1.40837,2,2,15,3.59326,2,1.42432,5563,9.6543,2,1.45117
test_2_11.txt,2048,819,2.5,Coalesced,5,1.38037,5,1.23177,776,61.6424,6,1.59798,19,3.10205,9,1.6748
test_2_11.txt,2048,682,3,Chained,10,3.45752,10,3.95378,11,5.01481,11,4.46045,10,3.46777,9,3.73779
test_2_11.txt,2048,682,3,Linear,80,2.47966,103,8.51921,104,8.13053,104,12.0563,3451,26.7358,71,4.22314
test_2_11.txt,2048,682,3,Cuckoo,2,1.43441,2,2,19,3.89079,2,1.4484,4883,8.91846,2,1.46484
test_2_11.txt,2048,682,3,Coalesced,6,1.45182,6,1.35107,1101,143.101,7,1.74349,16,3.16357,8,1.82617
test_2_11.txt,2048,585,3.5,Chained,12,3.73796,12,4.54102,13,5.54492,13,4.77604,12,3.76416,10,3.90088
test_2_11.txt,2048,585,3.5,Linear,227,4.76058,248,34.9531,248,34.3729,248,44.6743,2980,17.96,233,6.97803
test_2_11.txt,2048,585,3.5,Cuckoo,2,1.46289,2,2,34,4.62012,2,1.46077,4024,7.50195,2,1.49316
test_2_11.txt,2048,585,3.5,Coalesced,8,1.57568,10,1.55892,1552,279.445,8,1.85938,18,3.32812,11,1.99316
test_2_11.txt,2048,512,4,Chained,13,4.01823,13,4.98584,14,6.03255,14,5.00358,13,4.01611,12,4.02734
test_2_11.txt,2048,512,4,Linear,1948,37.6951,2048,2048,2048,1029.31,4092,2084.62,2504,53.9053,2048,40.9644
test_2_11.txt,2048,512,4,Cuckoo,2,1.47933,2,2,35,5.12939,2,1.47998,3670,7.84863,2,1.49805
test_2_11.txt,2048,512,4,Coalesced,5,1.29346,5,1.14779,508,24.6213,6,1.50505,21,3.59668,9,1.5415
test_2_12.txt,4096,40960,0.1,Chained,4,2.04435,4,1.10335,5,2.10433,5,3.04793,4,2.04712,5,3.02246
test_2_12.txt,4096,40960,0.1,Linear,5,1.04858,5,1.118,5,1.12044,7,2.2168,4,1.05127,6,2.10376
test_2_12.txt,4096,40960,0.1,Cuckoo,2,1.18481,2,2,11,3.23031,2,1.18449,8,3.10376,2,1.21533
test_2_12.txt,4096,40960,0.1,Coalesced,3,1.0555,3,1.00562,223,1.8007,4,1.1132,4,1.1106,5,1.1106
test_2_12.txt,4096,20480,0.2,Chained,5,2.09839,5,1.20589,6,2.20296,6,3.10547,5,2.10132,5,3.04956
test_2_12.txt,4096,20480,0.2,Linear,5,1.11662,7,1.28483,8,1.28255,8,2.51579,5,1.12012,8,2.23853
test_2_12.txt,4096,20480,0.2,Cuckoo,2,1.32227,2,2,12,3.37638,2,1.3208,8,3.18579,2,1.3584
test_2_12.txt,4096,20480,0.2,Coalesced,5,1.11344,5,1.02425,431,5.82471,6,1.20882,6,1.21753,9,1.21753
test_2_12.txt,4096,13653,0.3,Chained,5,2.15796,4,1.30583,5,2.29492,6,3.16113,5,2.15747,5,3.07983
test_2_12.txt,4096,13653,0.3,Linear,10,1.22412,12,1.54761,12,1.52824,12,2.99805,6,1.22656,9,2.4292
test_2_12.txt,4096,13653,0.3,Cuckoo,2,1.42236,2,2,14,3.55184,2,1.41309,10,3.30396,2,1.44165
test_2_12.txt,4096,13653,0.3,Coalesced,5,1.16455,5,1.05176,614,13.9321,6,1.29899,6,1.31421,8,1.31421
test_2_12.txt,4096,10240,0.4,Chained,6,2.18465,6,1.40186,7,2.40918,7,3.19474,6,2.19385,7,3.09546
test_2_12.txt,4096,10240,0.4,Linear,16,1.30794,20,1.86361,20,1.88314,20,3.44808,11,1.31201,19,2.58301
test_2_12.txt,4096,10240,0.4,Cuckoo,2,1.45988,2,2,20,4.04793,2,1.44946,16,3.44092,2,1.479
test_2_12.txt,4096,10240,0.4,Coalesced,6,1.24544,6,1.08748,833,26.8013,7,1.40413,7,1.44189,11,1.44189
test_2_12.txt,4096,8192,0.5,Chained,5,2.24007,5,1.50562,6,2.51147,6,3.24471,5,2.2417,6,3.11719
test_2_12.txt,4096,8192,0.5,Linear,20,1.47168,22,2.43319,22,2.44865,22,4.29842,16,1.47437,20,2.84839
test_2_12.txt,4096,8192,0.5,Cuckoo,2,1.36686,2,2,13401,4.5647,2,1.36466,54,3.78833,2,1.40869
test_2_12.txt,4096,8192,0.5,Coalesced,5,1.27108,5,1.1425,976,41.4657,6,1.47005,6,1.51611,7,1.51611
test_2_12.txt,4096,6826,0.6,Chained,7,2.2889,7,1.6097,8,2.59049,7,3.28809,7,2.28809,6,3.14429
test_2_12.txt,4096,6826,0.6,Linear,48,1.7876,56,3.80216,56,3.77677,56,6.35482,49,1.78662,56,3.3396
test_2_12.txt,4096,6826,0.6,Cuckoo,2,1.40007,2,2,15,3.57161,2,1.3929,11859,6.9729,2,1.44629
test_2_12.txt,4096,6826,0.6,Coalesced,5,1.35791,5,1.21029,1382,94.3952,6,1.58374,11,1.69189,8,1.64258
test_2_12.txt,4096,5851,0.7,Chained,6,2.35913,6,1.70874,7,2.70272,7,3.36784,6,2.35596,6,3.17603
test_2_12.txt,4096,5851,0.7,Linear,50,2.13875,64,5.88306,64,5.85588,64,9.23584,41,2.15674,54,3.88379
test_2_12.txt,4096,5851,0.7,Cuckoo,2,1.44043,2,2,18,3.79028,2,1.43123,9870,6.29077,2,1.46094
test_2_12.txt,4096,5851,0.7,Coalesced,5,1.41024,5,1.27376,1816,182.941,6,1.63778,13,1.84912,9,1.72412
test_2_12.txt,4096,5120,0.8,Chained,7,2.38379,7,1.79728,8,2.80688,8,3.40088,7,2.39355,7,3.19092
test_2_12.txt,4096,5120,0.8,Linear,110,2.78825,115,11.0382,115,11.1843,115,15.3277,103,2.76514,78,4.74048
test_2_12.txt,4096,5120,0.8,Cuckoo,2,1.46102,2,2,20,4.04663,2,1.44922,8451,5.84814,2,1.479
test_2_12.txt,4096,5120,0.8,Coalesced,8,1.5131,8,1.3916,2539,370.386,9,1.74626,20,2.12183,15,1.87402
test_2_12.txt,4096,4551,0.9,Chained,7,2.45451,7,1.91121,8,2.89201,8,3.46729,7,2.45752,7,3.23047
test_2_12.txt,4096,4551,0.9,Linear,167,4.26074,173,29.6519,173,29.4371,173,35.8118,143,4.40625,135,6.81836
test_2_12.txt,4096,4551,0.9,Cuckoo,2,1.46745,2,2,23,4.43929,2,1.46403,7450,5.64062,2,1.49512
test_2_12.txt,4096,4551,0.9,Coalesced,6,1.59326,8,1.57373,3291,643.412,8,1.85889,17,2.39038,12,2.0083
test_2_12.txt,4096,4096,1,Chained,7,2.49813,7,2.01091,8,3.00716,8,3.51432,7,2.50146,8,3.25
test_2_12.txt,4096,4096,1,Linear,4062,38.2624,4096,4096,4096,2044.4,8049,4135.29,4023,37.9238,4103,43.0576
test_2_12.txt,4096,4096,1,Cuckoo,2,1.36613,2,2,13403,4.56519,2,1.36434,6886,5.77539,2,1.40869
test_2_12.txt,4096,4096,1,Coalesced,5,1.29793,5,1.13924,987,39.4515,6,1.49219,28,2.69531,9,1.53101
test_2_12.txt,4096,2730,1.5,Chained,8,2.73885,8,2.51164,9,3.49276,9,3.75057,8,2.74268,8,3.37329
test_2_12.txt,4096,2730,1.5,Linear,67,2.45166,77,8.10327,77,7.98958,77,11.804,6862,15.8792,56,4.27515
test_2_12.txt,4096,2730,1.5,Cuckoo,2,1.44287,2,2,26,3.90031,2,1.45085,9364,7.57178,2,1.47314
test_2_12.txt,4096,2730,1.5,Coalesced,5,1.44889,7,1.34115,2181,268.739,6,1.67594,21,2.76221,10,1.7915
test_2_12.txt,4096,2048,2,Chained,8,2.96525,8,3.00618,9,4.00659,9,3.9786,8,2.97632,8,3.4895
test_2_12.txt,4096,2048,2,Linear,4062,38.2618,4096,4096,4096,2044.4,8049,4135.29,5119,56.3796,4103,43.0576
test_2_12.txt,4096,2048,2,Cuckoo,2,1.36637,2,2,13403,4.56502,2,1.36434,6886,6.92798,2,1.40869
test_2_12.txt,4096,2048,2,Coalesced,5,1.29452,5,1.13924,987,39.3562,6,1.48649,28,3.25928,9,1.53101
test_2_12.txt,4096,1638,2.5,Chained,10,3.22925,10,3.49048,11,4.48088,11,4.23657,10,3.22314,10,3.61206
test_2_12.txt,4096,1638,2.5,Linear,29,1.81584,36,3.84204,36,3.80981,36,6.37679,8166,33.1589,32,3.34497
test_2_12.txt,4096,1638,2.5,Cuckoo,2,1.40234,2,2,14,3.62362,2,1.40503,11027,9.10498,2,1.43872
test_2_12.txt,4096,1638,2.5,Coalesced,6,1.37158,5,1.23218,1475,108.328,7,1.61035,21,3.12842,9,1.66309
test_2_12.txt,4096,1365,3,Chained,12,3.50301,12,4.01261,13,4.99862,13,4.51514,12,3.50293,10,3.75195
test_2_12.txt,4096,1365,3,Linear,67,2.45158,77,8.10327,77,7.98958,77,11.804,6862,23.8547,56,4.27515
test_2_12.txt,4096,1365,3,Cuckoo,2,1.45264,2,2,20,3.8964,2,1.4471,8966,8.33154,2,1.4668
test_2_12.txt,4096,1365,3,Coalesced,7,1.46061,7,1.32992,2187,263.619,8,1.71851,21,3.15796,11,1.81274
test_2_12.txt,4096,1170,3.5,Chained,11,3.73535,12,4.52173,13,5.49251,13,4.75155,12,3.72852,11,3.86987
test_2_12.txt,4096,1170,3.5,Linear,434,4.91146,481,41.3193,481,40.3881,481,51.1117,5868,29.7739,434,7.08203
test_2_12.txt,4096,1170,3.5,Cuckoo,2,1.46061,2,2,35,4.43717,2,1.4681,8096,7.77271,2,1.49023
test_2_12.txt,4096,1170,3.5,Coalesced,6,1.53035,8,1.51245,3041,555.686,7,1.79297,21,3.29932,10,1.93335
test_2_12.txt,4096,1024,4,Chained,12,3.96598,12,4.9847,13,6.04826,13,4.9987,12,3.96924,11,3.98291
test_2_12.txt,4096,1024,4,Linear,4062,38.262,4096,4096,4096,2044.4,8049,4135.29,5119,63.9246,4103,43.0576
test_2_12.txt,4096,1024,4,Cuckoo,2,1.36637,2,2,13403,4.56502,2,1.36434,6886,7.58398,2,1.40869
test_2_12.txt,4096,1024,4,Coalesced,6,1.29557,6,1.14355,998,43.5006,7,1.49325,20,3.59351,11,1.53833
test_2_13.txt,8192,81920,0.1,Chained,4,2.05009,4,1.1016,5,2.09941,5,3.0474,4,2.047,5,3.02222
test_2_13.txt,8192,81920,0.1,Linear,6,1.05505,6,1.11666,6,1.11739,7,2.22066,5,1.05176,7,2.10535
test_2_13.txt,8192,81920,0.1,Cuckoo,2,1.09762,2,2,90850,7.13721,2,1.0966,32,3.16382,2,1.07898
test_2_13.txt,8192,81920,0.1,Coalesced,3,1.05737,3,1.00627,466,2.9257,4,1.11117,4,1.11487,5,1.11487
test_2_13.txt,8192,40960,0.2,Chained,5,2.10099,5,1.20109,5,2.19881,6,3.10038,5,2.09851,5,3.04724
test_2_13.txt,8192,40960,0.2,Linear,9,1.12398,12,1.27946,10,1.27673,13,2.52132,8,1.12183,9,2.23547
test_2_13.txt,8192,40960,0.2,Cuckoo,2,1.25944,2,2,40,3.9364,2,1.26213,40,3.29651,2,1.276
test_2_13.txt,8192,40960,0.2,Coalesced,4,1.11007,3,1.02519,863,9.71025,5,1.21558,5,1.21875,5,1.21875
test_2_13.txt,8192,27306,0.3,Chained,5,2.15039,5,1.29871,6,2.30111,6,3.1436,5,2.15112,6,3.07666
test_2_13.txt,8192,27306,0.3,Linear,9,1.212,14,1.51917,14,1.5282,14,2.94625,9,1.21606,14,2.41736
test_2_13.txt,8192,27306,0.3,Cuckoo,2,1.35722,2,2,32,4.09863,2,1.36336,20,3.38013,2,1.38489
test_2_13.txt,8192,27306,0.3,Coalesced,4,1.16276,4,1.05261,1217,24.0598,5,1.29085,5,1.31128,7,1.31128
test_2_13.txt,8192,20480,0.4,Chained,6,2.19499,6,1.40202,6,2.3986,7,3.19649,6,2.19604,6,3.09888
test_2_13.txt,8192,20480,0.4,Linear,19,1.3193,21,1.87801,22,1.88696,22,3.53861,19,1.32202,17,2.60815
test_2_13.txt,8192,20480,0.4,Cuckoo,2,1.26501,2,2,31535,5.34086,2,1.26729,40,3.5304,2,1.27588
test_2_13.txt,8192,20480,0.4,Coalesced,6,1.22982,6,1.09082,1609,50.1144,7,1.39819,7,1.42493,9,1.42493
test_2_13.txt,8192,16384,0.5,Chained,5,2.25741,5,1.50553,6,2.49813,6,3.24931,5,2.24988,6,3.1272
test_2_13.txt,8192,16384,0.5,Linear,23,1.51217,25,2.46619,24,2.46493,25,4.41276,20,1.49304,21,2.8739
test_2_13.txt,8192,16384,0.5,Cuckoo,2,1.30481,2,2,27909,5.29427,2,1.31502,82,3.88965,2,1.33301
test_2_13.txt,8192,16384,0.5,Coalesced,5,1.29093,5,1.13765,1964,83.7193,6,1.49268,6,1.52844,9,1.52844
test_2_13.txt,8192,13653,0.6,Chained,6,2.30802,6,1.60689,7,2.60177,7,3.29858,6,2.30542,7,3.15662
test_2_13.txt,8192,13653,0.6,Linear,41,1.7782,48,3.60185,48,3.65487,48,6.12329,37,1.79492,32,3.31519
test_2_13.txt,8192,13653,0.6,Cuckoo,2,1.36043,2,2,69,4.52612,2,1.36397,24656,7.36853,2,1.38538
test_2_13.txt,8192,13653,0.6,Coalesced,6,1.3514,6,1.19946,2638,168.487,7,1.57446,11,1.67297,9,1.63269
test_2_13.txt,8192,11702,0.7,Chained,7,2.35331,7,1.69877,8,2.70475,8,3.3477,7,2.34802,8,3.18115
test_2_13.txt,8192,11702,0.7,Linear,81,2.24695,95,6.33142,95,6.2172,95,9.68306,59,2.22412,77,3.91174
test_2_13.txt,8192,11702,0.7,Cuckoo,2,1.39738,2,2,54,4.40877,2,1.40186,20064,6.6178,2,1.42078
test_2_13.txt,8192,11702,0.7,Coalesced,6,1.42436,7,1.28524,3800,382.185,7,1.65889,14,1.88379,9,1.74683
test_2_13.txt,8192,10240,0.8,Chained,7,2.39339,7,1.79793,8,2.80131,8,3.394,7,2.39185,7,3.1958
test_2_13.txt,8192,10240,0.8,Linear,95,2.90739,142,11.4136,140,11.7014,142,16.1259,83,2.85913,113,4.84949
test_2_13.txt,8192,10240,0.8,Cuckoo,2,1.26453,2,2,31533,5.34127,2,1.26782,17900,6.52722,2,1.27588
test_2_13.txt,8192,10240,0.8,Coalesced,8,1.49984,8,1.41195,5068,735.313,9,1.75944,14,2.12195,11,1.88123
test_2_13.txt,8192,9102,0.9,Chained,7,2.44735,7,1.90202,8,2.89685,8,3.44112,7,2.44666,8,3.2262
test_2_13.txt,8192,9102,0.9,Linear,478,5.89266,488,53.3515,487,53.9062,488,62.9213,385,5.84119,471,8.45215
test_2_13.txt,8192,9102,0.9,Cuckoo,2,1.46765,2,2,60,4.77311,2,1.47013,15183,5.83582,2,1.48413
test_2_13.txt,8192,9102,0.9,Coalesced,8,1.58468,10,1.59143,6497,1215.61,9,1.83724,17,2.38037,15,2.00879
test_2_13.txt,8192,8192,1,Chained,7,2.50403,7,1.99528,8,2.99683,8,3.50208,7,2.4978,8,3.24927
test_2_13.txt,8192,8192,1,Linear,8002,64.8802,8192,8192,8192,4104.65,15878,8254.98,7598,63.2336,8194,68.3168
test_2_13.txt,8192,8192,1,Cuckoo,2,1.30509,2,2,27859,5.2924,2,1.31502,13527,5.8606,2,1.33301
test_2_13.txt,8192,8192,1,Coalesced,5,1.295,5,1.1377,1966,85.2634,6,1.49329,24,2.68628,9,1.52844
test_2_13.txt,8192,5461,1.5,Chained,8,2.72782,8,2.48511,9,3.50191,9,3.73722,8,2.72852,8,3.36658
test_2_13.txt,8192,5461,1.5,Linear,81,2.37862,118,8.12301,119,8.23438,119,11.8681,13550,31.0945,82,4.21936
test_2_13.txt,8192,5461,1.5,Cuckoo,2,1.41007,2,2,36,4.35136,2,1.4222,18692,7.44861,2,1.43445
test_2_13.txt,8192,5461,1.5,Coalesced,6,1.44967,7,1.34721,4386,558.52,7,1.7078,19,2.75671,11,1.80347
test_2_13.txt,8192,4096,2,Chained,9,3.00399,9,3.00582,10,4.00106,10,4.00391,9,2.99915,9,3.50183
test_2_13.txt,8192,4096,2,Linear,8002,64.8803,8192,8192,8192,4104.65,15878,8254.98,10144,82.6956,8194,68.3168
test_2_13.txt,8192,4096,2,Cuckoo,2,1.30505,2,2,27853,5.29191,2,1.31502,13535,6.85388,2,1.33301
test_2_13.txt,8192,4096,2,Coalesced,6,1.29313,6,1.14298,1977,80.1285,7,1.49264,35,3.27234,9,1.53296
test_2_13.txt,8192,3276,2.5,Chained,11,3.25769,11,3.49585,12,4.50924,11,4.21407,11,3.23364,11,3.62585
test_2_13.txt,8192,3276,2.5,Linear,32,1.8125,39,3.94527,39,3.88822,39,6.42322,16201,57.5388,36,3.36536
test_2_13.txt,8192,3276,2.5,Cuckoo,2,1.35815,2,2,36,4.19511,2,1.36833,21483,8.84326,2,1.38745
test_2_13.txt,8192,3276,2.5,Coalesced,6,1.35616,6,1.21818,2931,221.53,7,1.5931,26,3.10278,11,1.65271
test_2_13.txt,8192,2730,3,Chained,13,3.5319,13,4.00867,14,5.01538,14,4.51188,13,3.51453,11,3.75928
test_2_13.txt,8192,2730,3,Linear,86,2.64156,123,9.26131,122,9.24154,123,13.5952,13630,37.4606,99,4.4884
test_2_13.txt,8192,2730,3,Cuckoo,2,1.41374,2,2,43,4.46423,2,1.4198,18292,8.27209,2,1.44238
test_2_13.txt,8192,2730,3,Coalesced,6,1.43559,7,1.33984,4287,521.57,7,1.67948,21,3.13538,11,1.78564
test_2_13.txt,8192,2340,3.5,Chained,12,3.75305,12,4.50549,13,5.48747,13,4.73832,12,3.74561,13,3.88708
test_2_13.txt,8192,2340,3.5,Linear,280,5.04688,306,37.7018,306,37.2108,306,45.4394,11798,39.5374,245,7.30896
test_2_13.txt,8192,2340,3.5,Cuckoo,2,1.46399,2,2,44,4.76135,2,1.46912,15484,7.64087,2,1.47949
test_2_13.txt,8192,2340,3.5,Coalesced,9,1.56828,12,1.53756,6117,1100.03,10,1.82328,23,3.31494,17,1.97485
test_2_13.txt,8192,2048,4,Chained,12,4.00024,12,5.01164,13,5.99976,13,4.99117,12,3.98303,12,3.99158
test_2_13.txt,8192,2048,4,Linear,8002,64.8803,8192,8192,8192,4104.65,15878,8254.98,10144,91.9235,8194,68.3168
test_2_13.txt,8192,2048,4,Cuckoo,2,1.30505,2,2,27853,5.29191,2,1.31502,13535,7.43066,2,1.33301
test_2_13.txt,8192,2048,4,Coalesced,6,1.29224,6,1.14298,1977,79.8226,7,1.49276,35,3.55432,9,1.53296
