test_case,n,N,alpha,algorithm,search_worst,search_average,usearch_worst,usearch_average,set_key_worst,set_key_average,delete_key_worst,delete_key_average,set_all_worst,set_all_average,delete_all_worst,delete_all_average
test_1_4.txt,16,160,0.1,Chained,3,2.10417,2,1.10417,3,2.10417,4,3.04167,3,2.0625,4,3.0625
test_1_4.txt,16,160,0.1,Linear,2,1.10417,3,1.125,3,1.125,3,2.27083,2,1.0625,3,2.125
test_1_4.txt,16,160,0.1,Cuckoo,2,1.10417,2,2,4,3.125,2,1.125,4,3.0625,2,1.1875
test_1_4.txt,16,160,0.1,Coalesced,1,1,1,1,3,1.20833,1,1,1,1,1,1
test_1_4.txt,16,80,0.2,Chained,3,2.10417,2,1.1875,3,2.20833,4,3.04167,3,2.0625,4,3.0625
test_1_4.txt,16,80,0.2,Linear,3,1.22917,3,1.22917,3,1.25,4,2.5625,2,1.125,3,2.25
test_1_4.txt,16,80,0.2,Cuckoo,2,1.25,2,2,5,3.27083,2,1.29167,4,3.125,2,1.25
test_1_4.txt,16,80,0.2,Coalesced,2,1.0625,2,1.02083,3,1.25,3,1.04167,3,1.125,3,1.125
test_1_4.txt,16,53,0.3,Chained,2,2,2,1.27083,3,2.41667,3,3,2,2,3,3
test_1_4.txt,16,53,0.3,Linear,1,1,3,1.29167,3,1.47917,3,2.16667,1,1,3,2.125
test_1_4.txt,16,53,0.3,Cuckoo,2,1.41667,2,2,6,3.3125,2,1.35417,4,3.1875,2,1.4375
test_1_4.txt,16,53,0.3,Coalesced,2,1.22917,1,1,4,1.60417,3,1.33333,3,1.375,3,1.375
test_1_4.txt,16,40,0.4,Chained,3,2.14583,3,1.33333,4,2.39583,4,3.10417,3,2.125,4,3.0625
test_1_4.txt,16,40,0.4,Linear,3,1.27083,4,1.52083,4,1.64583,4,2.89583,2,1.1875,4,2.4375
test_1_4.txt,16,40,0.4,Cuckoo,2,1.35417,2,2,5,3.33333,2,1.47917,4,3.25,2,1.3125
test_1_4.txt,16,40,0.4,Coalesced,2,1.0625,2,1.02083,3,1.54167,3,1.04167,3,1.125,3,1.125
test_1_4.txt,16,32,0.5,Chained,5,2.66667,5,1.5625,6,2.5,6,3.47917,5,2.5625,6,3.4375
test_1_4.txt,16,32,0.5,Linear,9,2.33333,12,3.6875,11,2.5625,12,6.5,7,2.125,7,3.3125
test_1_4.txt,16,32,0.5,Cuckoo,2,1.58333,2,2,11,4.1875,2,1.45833,6,3.5625,2,1.5
test_1_4.txt,16,32,0.5,Coalesced,3,1.22917,1,1,4,1.95833,4,1.5,4,1.4375,4,1.4375
test_1_4.txt,16,26,0.6,Chained,3,2.1875,3,1.5,4,2.5,4,3.3125,3,2.3125,4,3.125
test_1_4.txt,16,26,0.6,Linear,3,1.22917,6,2.47917,6,2.10417,6,3.6875,3,1.375,6,2.75
test_1_4.txt,16,26,0.6,Cuckoo,2,1.45833,2,2,63,5.0625,2,1.41667,10,4.0625,2,1.5
test_1_4.txt,16,26,0.6,Coalesced,4,1.45833,4,1.125,6,2.3125,5,1.1875,8,1.875,5,1.6875
test_1_4.txt,16,22,0.7,Chained,5,2.39583,5,1.52083,6,2.58333,6,3.375,5,2.4375,6,3.25
test_1_4.txt,16,22,0.7,Linear,10,2.29167,13,4.20833,12,3.97917,13,7.58333,9,2.6875,10,4.375
test_1_4.txt,16,22,0.7,Cuckoo,2,1.54167,2,2,9,4.5,2,1.5,6,3.625,2,1.4375
test_1_4.txt,16,22,0.7,Coalesced,3,1.41667,2,1.10417,8,3.33333,4,1.625,4,1.9375,5,1.875
test_1_4.txt,16,20,0.8,Chained,3,2.25,3,1.66667,4,2.52083,4,3.27083,3,2.25,4,3.125
test_1_4.txt,16,20,0.8,Linear,8,1.77083,9,3.875,9,3.8125,9,6.16667,7,1.75,8,3.125
test_1_4.txt,16,20,0.8,Cuckoo,2,1.5,2,2,10,5.875,2,1.5,8,3.6875,2,1.5
test_1_4.txt,16,20,0.8,Coalesced,3,1.58333,3,1.27083,14,4.9375,4,1.79167,4,2.25,4,1.9375
test_1_4.txt,16,17,0.9,Chained,4,2.4375,4,1.625,5,2.625,5,3.45833,4,2.4375,5,3.25
test_1_4.txt,16,17,0.9,Linear,9,2.14583,17,9.4375,16,6.02083,17,11.0417,9,2.1875,10,4
test_1_4.txt,16,17,0.9,Cuckoo,2,1.47917,2,2,10,4.02083,2,1.45833,52,6.9375,2,1.5
test_1_4.txt,16,17,0.9,Coalesced,3,1.54167,4,1.4375,15,5.35417,3,1.89583,4,2.1875,4,1.9375
test_1_4.txt,16,16,1,Chained,5,2.77083,5,2.20833,6,3.08333,6,3.58333,5,2.6875,6,3.5
test_1_4.txt,16,16,1,Linear,16,3.77083,16,16,16,8.83333,30,19.1042,15,3.875,22,5.6875
test_1_4.txt,16,16,1,Cuckoo,2,1.58333,2,2,11,4.1875,2,1.45833,38,5.75,2,1.5
test_1_4.txt,16,16,1,Coalesced,2,1.35417,3,1.16667,7,1.89583,3,1.54167,9,2.6875,3,1.625
test_1_4.txt,16,10,1.5,Chained,4,2.47917,4,2.5,5,3.35417,5,3.5,4,2.5,4,3.125
test_1_4.txt,16,10,1.5,Linear,8,1.77083,9,3.875,9,3.8125,9,6.16667,24,3.75,8,3.125
test_1_4.txt,16,10,1.5,Cuckoo,2,1.5,2,2,10,5.875,2,1.5,35,6.125,2,1.5
test_1_4.txt,16,10,1.5,Coalesced,4,1.70833,4,1.58333,11,4.66667,5,1.9375,7,2.875,5,2.125
test_1_4.txt,16,8,2,Chained,6,3.3125,6,3.125,7,4.16667,7,4.5625,6,3.4375,7,4
test_1_4.txt,16,8,2,Linear,16,3.79167,16,16,16,8.83333,30,19.125,21,5.5625,22,5.6875
test_1_4.txt,16,8,2,Cuckoo,2,1.58333,2,2,11,4.1875,2,1.45833,38,7.8125,2,1.5
test_1_4.txt,16,8,2,Coalesced,3,1.5,2,1.20833,8,2.625,5,1.875,7,3.125,5,1.8125
test_1_4.txt,16,6,2.5,Chained,5,3.10417,5,2.95833,6,4.52083,6,4.3125,5,3.25,6,3.875
test_1_4.txt,16,6,2.5,Linear,12,2.5,13,4.08333,13,4.625,13,7.02083,30,5.625,11,3.5625
test_1_4.txt,16,6,2.5,Cuckoo,2,1.5625,2,2,62,5.0625,2,1.52083,39,7.3125,2,1.4375
test_1_4.txt,16,6,2.5,Coalesced,2,1.22917,2,1.16667,7,3.22917,3,1.58333,6,2.3125,3,1.5
test_1_4.txt,16,5,3,Chained,5,3.10417,5,4.14583,6,4.79167,6,4.25,5,3.1875,5,3.4375
test_1_4.txt,16,5,3,Linear,8,1.77083,9,3.875,9,3.8125,9,6.16667,24,4.625,8,3.125
test_1_4.txt,16,5,3,Cuckoo,2,1.5625,2,2,62,5.0625,2,1.52083,39,7.3125,2,1.4375
test_1_4.txt,16,5,3,Coalesced,4,1.64583,4,1.58333,13,4.79167,5,1.875,7,3.25,7,2.125
test_1_4.txt,16,4,3.5,Chained,7,3.97917,7,5.04167,8,5.29167,8,5.39583,7,4.25,8,4.5625
test_1_4.txt,16,4,3.5,Linear,16,3.79167,16,16,16,8.83333,30,19.125,21,6.3125,22,5.6875
test_1_4.txt,16,4,3.5,Cuckoo,2,1.58333,2,2,11,4.1875,2,1.45833,38,8.8125,2,1.5
test_1_4.txt,16,4,3.5,Coalesced,3,1.45833,2,1.20833,7,2.47917,5,1.85417,7,3.375,5,1.8125
test_1_4.txt,16,4,4,Chained,7,3.97917,7,5.04167,8,5.29167,8,5.39583,7,4.25,8,4.5625
test_1_4.txt,16,4,4,Linear,16,3.79167,16,16,16,8.83333,30,19.125,21,6.3125,22,5.6875
test_1_4.txt,16,4,4,Cuckoo,2,1.58333,2,2,11,4.1875,2,1.45833,38,8.8125,2,1.5
test_1_4.txt,16,4,4,Coalesced,3,1.45833,2,1.20833,7,2.47917,5,1.85417,7,3.375,5,1.8125
test_1_5.txt,32,320,0.1,Chained,2,2,2,1.08333,3,2.08333,3,3,2,2,3,3
test_1_5.txt,32,320,0.1,Linear,1,1,4,1.11458,2,1.08333,3,2.10417,1,1,3,2.09375
test_1_5.txt,32,320,0.1,Cuckoo,2,1.17708,2,2,4,3.17708,2,1.19792,4,3.0625,2,1.15625
test_1_5.txt,32,320,0.1,Coalesced,1,1,1,1,3,1.22917,1,1,1,1,1,1
test_1_5.txt,32,160,0.2,Chained,3,2.03125,3,1.16667,4,2.22917,4,3.0625,3,2.0625,4,3.03125
test_1_5.txt,32,160,0.2,Linear,2,1.03125,6,1.26042,4,1.26042,6,2.54167,2,1.0625,6,2.375
test_1_5.txt,32,160,0.2,Cuckoo,2,1.29167,2,2,6,3.34375,2,1.25,4,3.125,2,1.3125
test_1_5.txt,32,160,0.2,Coalesced,2,1.16667,2,1.01042,5,1.45833,3,1.25,3,1.25,3,1.25
test_1_5.txt,32,106,0.3,Chained,3,2.03125,3,1.22917,4,2.375,4,3.08333,3,2.0625,4,3.0625
test_1_5.txt,32,106,0.3,Linear,3,1.0625,6,1.38542,6,1.60417,6,2.82292,3,1.09375,4,2.34375
test_1_5.txt,32,106,0.3,Cuckoo,2,1.33333,2,2,7,3.60417,2,1.35417,8,3.28125,2,1.4375
test_1_5.txt,32,106,0.3,Coalesced,2,1.16667,2,1.02083,8,1.8125,3,1.45833,3,1.375,3,1.375
test_1_5.txt,32,80,0.4,Chained,3,2.13542,3,1.375,4,2.4375,4,3.09375,3,2.125,4,3.0625
test_1_5.txt,32,80,0.4,Linear,2,1.15625,7,1.73958,6,1.70833,7,3.20833,2,1.15625,7,2.65625
test_1_5.txt,32,80,0.4,Cuckoo,2,1.54167,2,2,8,3.95833,2,1.45833,6,3.34375,2,1.40625
test_1_5.txt,32,80,0.4,Coalesced,2,1.15625,2,1.08333,7,1.82292,3,1.33333,3,1.375,3,1.375
test_1_5.txt,32,64,0.5,Chained,4,2.20833,5,1.47917,5,2.52083,6,3.39583,5,2.34375,6,3.21875
test_1_5.txt,32,64,0.5,Linear,6,1.38542,11,2.80208,11,2.41667,11,5.40625,6,1.625,8,2.875
test_1_5.txt,32,64,0.5,Cuckoo,2,1.41667,2,2,120,5.21875,2,1.42708,6,3.46875,2,1.53125
test_1_5.txt,32,64,0.5,Coalesced,2,1.125,2,1.05208,5,2.125,3,1.22917,3,1.1875,3,1.1875
test_1_5.txt,32,53,0.6,Chained,4,2.13542,3,1.54167,5,2.63542,5,3.23958,4,2.1875,5,3.15625
test_1_5.txt,32,53,0.6,Linear,4,1.17708,9,2.72917,9,2.76042,9,4.33333,4,1.28125,9,2.71875
test_1_5.txt,32,53,0.6,Cuckoo,2,1.41667,2,2,110,4.69792,2,1.47917,8,3.71875,2,1.4375
test_1_5.txt,32,53,0.6,Coalesced,2,1.16667,2,1.16667,10,3.72917,3,1.41667,3,1.5,3,1.5
test_1_5.txt,32,45,0.7,Chained,3,2.26042,3,1.61458,4,2.78125,4,3.26042,3,2.25,4,3.21875
test_1_5.txt,32,45,0.7,Linear,5,1.44792,11,3.80208,10,3.4375,11,5.10417,5,1.4375,8,2.84375
test_1_5.txt,32,45,0.7,Cuckoo,2,1.45833,2,2,123,4.58333,2,1.45833,22,4.53125,2,1.40625
test_1_5.txt,32,45,0.7,Coalesced,3,1.35417,3,1.32292,17,4.46875,4,1.58333,7,1.8125,5,1.65625
test_1_5.txt,32,40,0.8,Chained,4,2.40625,4,1.83333,5,2.80208,5,3.26042,4,2.3125,4,3.21875
test_1_5.txt,32,40,0.8,Linear,5,1.58333,12,4.58333,12,4.22917,12,6.17708,6,1.65625,9,3.5625
test_1_5.txt,32,40,0.8,Cuckoo,2,1.54167,2,2,110,5.14583,2,1.48958,12,4.375,2,1.40625
test_1_5.txt,32,40,0.8,Coalesced,3,1.19792,3,1.1875,15,4.09375,4,1.45833,6,1.75,4,1.5625
test_1_5.txt,32,35,0.9,Chained,5,2.4375,5,2.14583,6,2.84375,6,3.33333,5,2.375,5,3.3125
test_1_5.txt,32,35,0.9,Linear,13,2.52083,17,8.54167,18,7.20833,17,9.9375,10,2.0625,10,3.6875
test_1_5.txt,32,35,0.9,Cuckoo,2,1.55208,2,2,7,3.77083,2,1.4375,99,6.84375,2,1.59375
test_1_5.txt,32,35,0.9,Coalesced,3,1.32292,3,1.36458,30,10.2812,4,1.71875,12,2.21875,4,1.71875
test_1_5.txt,32,32,1,Chained,5,2.57292,6,1.98958,7,3.08333,7,3.71875,6,2.78125,7,3.53125
test_1_5.txt,32,32,1,Linear,29,4.45833,32,32,32,16.3646,59,36.1042,23,5.0625,32,6.84375
test_1_5.txt,32,32,1,Cuckoo,2,1.41667,2,2,120,5.21875,2,1.42708,79,6.84375,2,1.53125
test_1_5.txt,32,32,1,Coalesced,3,1.40625,3,1.14583,11,2.55208,4,1.51042,6,2.59375,5,1.6875
test_1_5.txt,32,21,1.5,Chained,5,2.70833,5,2.52083,6,3.58333,6,3.64583,5,2.6875,6,3.46875
test_1_5.txt,32,21,1.5,Linear,6,1.76042,13,3.94792,13,4.19792,13,6.05208,43,3.53125,7,3
test_1_5.txt,32,21,1.5,Cuckoo,2,1.46875,2,2,6,3.5625,2,1.36458,100,9.84375,2,1.46875
test_1_5.txt,32,21,1.5,Coalesced,4,1.51042,4,1.25,23,6.35417,5,1.73958,11,2.9375,5,1.9375
test_1_5.txt,32,16,2,Chained,7,3.21875,7,2.98958,8,3.88542,8,4.07292,7,3.25,7,3.90625
test_1_5.txt,32,16,2,Linear,29,4.45833,32,32,32,16.3646,59,36.0417,51,7.5,32,6.84375
test_1_5.txt,32,16,2,Cuckoo,2,1.41667,2,2,120,5.21875,2,1.42708,79,7.9375,2,1.53125
test_1_5.txt,32,16,2,Coalesced,4,1.42708,4,1.1875,11,2.17708,5,1.625,11,3.28125,5,1.78125
test_1_5.txt,32,12,2.5,Chained,6,3.25,6,3.54167,7,4.36458,7,4.09375,6,3.1875,6,3.71875
test_1_5.txt,32,12,2.5,Linear,6,1.64583,12,3.42708,11,3.53125,12,5.89583,67,7.40625,11,3.3125
test_1_5.txt,32,12,2.5,Cuckoo,2,1.5,2,2,107,4.89583,2,1.40625,62,7.25,2,1.4375
test_1_5.txt,32,12,2.5,Coalesced,3,1.41667,3,1.23958,10,4.4375,4,1.55208,7,2.34375,5,1.59375
test_1_5.txt,32,10,3,Chained,6,3.45833,6,4.15625,7,5.08333,7,4.3125,6,3.375,6,3.78125
test_1_5.txt,32,10,3,Linear,5,1.58333,12,4.58333,12,4.22917,12,6.17708,47,5.21875,9,3.5625
test_1_5.txt,32,10,3,Cuckoo,2,1.54167,2,2,110,5.14583,2,1.47917,63,7.8125,2,1.40625
test_1_5.txt,32,10,3,Coalesced,5,1.73958,5,1.54167,26,4.92708,6,2.03125,7,3.21875,7,2.3125
test_1_5.txt,32,9,3.5,Chained,9,3.84375,9,4.16667,10,5.60417,10,4.92708,9,3.96875,8,4.34375
test_1_5.txt,32,9,3.5,Linear,28,3.67708,33,16.4688,31,14.7708,32,20.4583,49,6.28125,31,5.78125
test_1_5.txt,32,9,3.5,Cuckoo,2,1.54167,2,2,110,5.14583,2,1.47917,63,7.8125,2,1.40625
test_1_5.txt,32,9,3.5,Coalesced,7,1.77083,8,1.9375,34,9.71875,7,2.26042,11,3.15625,7,2.3125
test_1_5.txt,32,8,4,Chained,10,4.91667,10,5.20833,11,5.78125,11,5.25,10,4.625,9,4.75
test_1_5.txt,32,8,4,Linear,29,4.46875,32,32,32,16.3646,59,36.0521,51,8.34375,32,6.84375
test_1_5.txt,32,8,4,Cuckoo,2,1.41667,2,2,120,5.21875,2,1.42708,79,8.96875,2,1.53125
test_1_5.txt,32,8,4,Coalesced,3,1.40625,3,1.17708,13,2.57292,4,1.52083,9,3.53125,4,1.65625
test_1_6.txt,64,640,0.1,Chained,3,2.03646,3,1.11458,3,2.08333,4,3.03646,3,2.03125,4,3.01562
test_1_6.txt,64,640,0.1,Linear,2,1.03646,3,1.125,2,1.08854,3,2.17708,2,1.03125,3,2.09375
test_1_6.txt,64,640,0.1,Cuckoo,2,1.17708,2,2,5,3.16146,2,1.16146,4,3.07812,2,1.20312
test_1_6.txt,64,640,0.1,Coalesced,2,1.08854,2,1.01042,7,1.26042,3,1.16667,3,1.15625,3,1.15625
test_1_6.txt,64,320,0.2,Chained,3,2.07812,3,1.18229,4,2.1875,4,3.09896,3,2.07812,4,3.03125
test_1_6.txt,64,320,0.2,Linear,4,1.11979,5,1.26042,4,1.25521,5,2.44271,4,1.10938,4,2.23438
test_1_6.txt,64,320,0.2,Cuckoo,2,1.33854,2,2,6,3.30208,2,1.26562,4,3.125,2,1.42188
test_1_6.txt,64,320,0.2,Coalesced,2,1.10938,2,1.01562,8,1.5625,3,1.1875,3,1.1875,3,1.1875
test_1_6.txt,64,213,0.3,Chained,4,2.27604,4,1.32812,5,2.28125,5,3.22917,4,2.21875,4,3.07812
test_1_6.txt,64,213,0.3,Linear,5,1.43229,6,1.47396,6,1.48438,6,2.85938,4,1.32812,6,2.5
test_1_6.txt,64,213,0.3,Cuckoo,2,1.39062,2,2,6,3.49479,2,1.39583,4,3.23438,2,1.39062
test_1_6.txt,64,213,0.3,Coalesced,3,1.22917,3,1.05208,11,1.73958,4,1.36458,4,1.39062,5,1.39062
test_1_6.txt,64,160,0.4,Chained,4,2.13542,4,1.39583,5,2.44271,5,3.19271,4,2.14062,4,3.03125
test_1_6.txt,64,160,0.4,Linear,4,1.21354,9,1.94792,8,1.875,10,3.63542,4,1.23438,7,2.64062
test_1_6.txt,64,160,0.4,Cuckoo,2,1.51042,2,2,10,3.65625,2,1.39583,6,3.29688,2,1.5
test_1_6.txt,64,160,0.4,Coalesced,3,1.27604,2,1.07812,16,2.36458,4,1.41667,4,1.45312,4,1.45312
test_1_6.txt,64,128,0.5,Chained,4,2.21875,4,1.58333,5,2.44792,5,3.26042,4,2.21875,5,3.14062
test_1_6.txt,64,128,0.5,Linear,7,1.41667,18,3.85938,17,2.60938,18,6.13021,7,1.48438,11,2.96875
test_1_6.txt,64,128,0.5,Cuckoo,2,1.48438,2,2,24,5.08854,2,1.52604,10,3.71875,2,1.5
test_1_6.txt,64,128,0.5,Coalesced,3,1.32812,3,1.13021,17,2.4375,4,1.44271,4,1.46875,5,1.46875
test_1_6.txt,64,106,0.6,Chained,4,2.13021,4,1.55729,4,2.54688,5,3.13021,4,2.15625,4,3.0625
test_1_6.txt,64,106,0.6,Linear,7,1.32812,12,3.13021,12,3.09896,12,4.85417,6,1.34375,8,3.01562
test_1_6.txt,64,106,0.6,Cuckoo,2,1.33854,2,2,9,3.48438,2,1.34896,175,6.03125,2,1.35938
test_1_6.txt,64,106,0.6,Coalesced,3,1.34896,3,1.17188,22,3.6875,4,1.59375,4,1.65625,5,1.64062
test_1_6.txt,64,91,0.7,Chained,4,2.35417,4,1.58333,5,2.65104,5,3.38021,4,2.34375,5,3.1875
test_1_6.txt,64,91,0.7,Linear,13,2.28125,24,6.20833,24,5.14583,24,8.78646,12,2.26562,15,3.79688
test_1_6.txt,64,91,0.7,Cuckoo,2,1.34896,2,2,8,3.74479,2,1.36979,206,7.15625,2,1.3125
test_1_6.txt,64,91,0.7,Coalesced,3,1.29688,3,1.21354,23,5.07812,4,1.54167,6,1.625,5,1.54688
test_1_6.txt,64,80,0.8,Chained,4,2.30208,4,1.79167,5,2.84375,5,3.3125,4,2.26562,4,3.0625
test_1_6.txt,64,80,0.8,Linear,15,2.14062,29,8.72396,29,7.34896,29,10.8281,13,2.03125,21,4.07812
test_1_6.txt,64,80,0.8,Cuckoo,2,1.51042,2,2,10,3.67708,2,1.39062,188,7.04688,2,1.5
test_1_6.txt,64,80,0.8,Coalesced,4,1.57812,4,1.38021,52,12.9583,5,1.79167,15,2.26562,7,1.875
test_1_6.txt,64,71,0.9,Chained,4,2.47396,4,1.94271,5,2.97917,5,3.44271,4,2.42188,5,3.15625
test_1_6.txt,64,71,0.9,Linear,21,2.85938,39,15.0781,39,12.3281,39,17.1875,16,3,29,5
test_1_6.txt,64,71,0.9,Cuckoo,2,1.44271,2,2,10,4,2,1.45833,184,6.60938,2,1.54688
test_1_6.txt,64,71,0.9,Coalesced,5,1.60938,5,1.57292,55,14.4635,6,1.97396,9,2.42188,8,2.0625
test_1_6.txt,64,64,1,Chained,6,2.625,6,2.08333,7,2.94792,7,3.66146,6,2.5625,6,3.35938
test_1_6.txt,64,64,1,Linear,56,5.54167,64,64,64,30.8177,119,69.2865,56,6.125,64,9.21875
test_1_6.txt,64,64,1,Cuckoo,2,1.48438,2,2,24,5.08854,2,1.52604,142,6.23438,2,1.5
test_1_6.txt,64,64,1,Coalesced,3,1.32292,3,1.14062,16,2.625,4,1.54167,15,2.4375,5,1.46875
test_1_6.txt,64,42,1.5,Chained,4,2.69271,4,2.43229,5,3.48438,5,3.63542,4,2.60938,5,3.28125
test_1_6.txt,64,42,1.5,Linear,17,2.08333,28,7.23438,27,6.04688,28,10.7708,105,5.04688,24,4
test_1_6.txt,64,42,1.5,Cuckoo,2,1.48958,2,2,10,3.75521,2,1.44792,192,8.45312,2,1.4375
test_1_6.txt,64,42,1.5,Coalesced,5,1.58333,6,1.38542,41,8.3125,5,1.79688,11,2.76562,6,1.9375
test_1_6.txt,64,32,2,Chained,7,3.20833,7,3.13542,8,4.00521,8,4.24479,7,3.10938,7,3.53125
test_1_6.txt,64,32,2,Linear,56,5.54167,64,64,64,30.8177,119,69.3125,86,9.15625,64,9.21875
test_1_6.txt,64,32,2,Cuckoo,2,1.48438,2,2,24,5.08854,2,1.52604,142,7.92188,2,1.5
test_1_6.txt,64,32,2,Coalesced,3,1.20833,3,1.09375,14,2.53125,4,1.40625,10,3.20312,5,1.46875
test_1_6.txt,64,25,2.5,Chained,8,3.04167,8,3.45312,9,4.56771,9,4.0625,8,3.04688,7,3.5
test_1_6.txt,64,25,2.5,Linear,8,1.75,24,6.06771,22,4.36979,24,8.11979,117,7.98438,18,3.32812
test_1_6.txt,64,25,2.5,Cuckoo,2,1.35938,2,2,8,3.46354,2,1.33854,185,9.65625,2,1.45312
test_1_6.txt,64,25,2.5,Coalesced,3,1.39583,3,1.23438,24,3.95312,4,1.65625,9,2.84375,5,1.65625
test_1_6.txt,64,21,3,Chained,7,3.58854,7,3.93229,8,5,8,4.51042,7,3.46875,7,3.73438
test_1_6.txt,64,21,3,Linear,17,2.08333,28,7.23438,27,6.04688,28,10.7708,105,6.01562,24,4
test_1_6.txt,64,21,3,Cuckoo,2,1.45312,2,2,243,5.33854,2,1.42708,100,8.46875,2,1.48438
test_1_6.txt,64,21,3,Coalesced,6,1.65625,8,1.47396,41,8.90625,6,1.92708,11,3.14062,7,1.98438
test_1_6.txt,64,18,3.5,Chained,7,3.61979,7,4.38542,8,5.56771,8,4.71875,7,3.60938,8,3.9375
test_1_6.txt,64,18,3.5,Linear,37,3.36979,61,28.349,60,24.8958,61,34.7656,106,8.26562,58,6.29688
test_1_6.txt,64,18,3.5,Cuckoo,2,1.44271,2,2,10,4,2,1.45833,184,9.20312,2,1.54688
test_1_6.txt,64,18,3.5,Coalesced,4,1.51562,5,1.39062,44,16.0208,5,1.73438,13,3.0625,6,1.78125
test_1_6.txt,64,16,4,Chained,8,4.05729,8,5.04167,9,5.9375,9,5.05208,8,3.92188,7,3.76562
test_1_6.txt,64,16,4,Linear,56,5.54167,64,64,64,30.8177,119,69.3125,86,10.375,64,9.21875
test_1_6.txt,64,16,4,Cuckoo,2,1.48438,2,2,24,5.08854,2,1.52604,142,8.46875,2,1.5
test_1_6.txt,64,16,4,Coalesced,3,1.15625,4,1.08854,14,2.35938,4,1.40625,11,3.1875,5,1.4375
test_1_7.txt,128,1280,0.1,Chained,3,2.01823,3,1.1224,3,2.07812,4,3.03906,3,2.02344,4,3.00781
test_1_7.txt,128,1280,0.1,Linear,2,1.01823,3,1.13802,3,1.08333,4,2.16406,2,1.02344,4,2.08594
test_1_7.txt,128,1280,0.1,Cuckoo,2,1.1875,2,2,5,3.16667,2,1.16146,4,3.0625,2,1.20312
test_1_7.txt,128,1280,0.1,Coalesced,2,1.00781,2,1.0026,5,1.23958,3,1.04688,3,1.04688,3,1.04688
test_1_7.txt,128,640,0.2,Chained,3,2.09635,3,1.22135,4,2.18229,4,3.05729,3,2.0625,4,3.04688
test_1_7.txt,128,640,0.2,Linear,4,1.10417,5,1.28646,4,1.21875,5,2.32812,4,1.07812,5,2.17969
test_1_7.txt,128,640,0.2,Cuckoo,2,1.33333,2,2,8,3.32031,2,1.30469,6,3.19531,2,1.34375
test_1_7.txt,128,640,0.2,Coalesced,3,1.10417,3,1.01302,11,1.48438,4,1.1849,4,1.21094,4,1.21094
test_1_7.txt,128,426,0.3,Chained,4,2.11198,4,1.30729,4,2.28125,5,3.125,4,2.11719,5,3.08594
test_1_7.txt,128,426,0.3,Linear,4,1.16146,8,1.53646,8,1.48958,8,2.80208,4,1.1875,6,2.39844
test_1_7.txt,128,426,0.3,Cuckoo,2,1.45833,2,2,8,3.59635,2,1.36719,6,3.27344,2,1.45312
test_1_7.txt,128,426,0.3,Coalesced,3,1.20573,2,1.07552,23,2.0651,3,1.34115,4,1.36719,4,1.36719
test_1_7.txt,128,320,0.4,Chained,4,2.22656,4,1.38021,5,2.38281,5,3.20052,4,2.1875,4,3.09375
test_1_7.txt,128,320,0.4,Linear,6,1.36198,7,1.76042,7,1.64583,7,3.14844,6,1.32812,7,2.57031
test_1_7.txt,128,320,0.4,Cuckoo,2,1.46094,2,2,11,3.72396,2,1.46094,8,3.36719,2,1.48438
test_1_7.txt,128,320,0.4,Coalesced,3,1.23177,3,1.0599,22,2.46354,4,1.33594,4,1.39844,5,1.39844
test_1_7.txt,128,256,0.5,Chained,5,2.23958,5,1.52865,6,2.48177,6,3.17448,5,2.19531,5,3.09375
test_1_7.txt,128,256,0.5,Linear,14,1.44271,15,2.6276,15,2.40365,15,4.61198,14,1.42188,9,2.86719
test_1_7.txt,128,256,0.5,Cuckoo,2,1.36719,2,2,430,4.88281,2,1.36458,16,3.78906,2,1.35156
test_1_7.txt,128,256,0.5,Coalesced,4,1.23438,4,1.10156,26,2.7474,5,1.35677,5,1.39062,5,1.39062
test_1_7.txt,128,213,0.6,Chained,4,2.28646,4,1.60677,5,2.57292,5,3.26302,4,2.25781,5,3.16406
test_1_7.txt,128,213,0.6,Linear,7,1.51823,18,3.35156,18,3.04427,18,4.70312,6,1.51562,13,3.02344
test_1_7.txt,128,213,0.6,Cuckoo,2,1.51302,2,2,31,6.50521,2,1.54167,12,3.72656,2,1.53906
test_1_7.txt,128,213,0.6,Coalesced,3,1.36979,3,1.22656,48,5.80469,4,1.64583,5,1.72656,5,1.67969
test_1_7.txt,128,182,0.7,Chained,6,2.33073,6,1.64062,7,2.73177,7,3.29948,6,2.32812,7,3.17969
test_1_7.txt,128,182,0.7,Linear,17,1.9974,21,4.41667,21,4.75521,21,7.06771,20,2.04688,20,3.69531
test_1_7.txt,128,182,0.7,Cuckoo,2,1.44531,2,2,14,3.89323,2,1.40625,320,6.24219,2,1.47656
test_1_7.txt,128,182,0.7,Coalesced,3,1.3724,4,1.27604,59,8.65104,4,1.60156,6,1.85156,5,1.73438
test_1_7.txt,128,160,0.8,Chained,4,2.33333,4,1.7474,5,2.79167,5,3.34635,4,2.32031,5,3.14844
test_1_7.txt,128,160,0.8,Linear,12,1.8724,30,6.74219,30,5.56771,30,8.57031,11,1.89844,25,3.60156
test_1_7.txt,128,160,0.8,Cuckoo,2,1.46354,2,2,11,3.72396,2,1.46615,341,6.65625,2,1.48438
test_1_7.txt,128,160,0.8,Coalesced,4,1.46615,5,1.51823,79,15.6328,4,1.68229,7,2.08594,7,1.88281
test_1_7.txt,128,142,0.9,Chained,5,2.35677,5,1.90885,6,2.99219,6,3.38021,5,2.38281,6,3.21094
test_1_7.txt,128,142,0.9,Linear,43,2.61719,57,21.2604,56,19.2422,57,24.6667,37,2.96875,46,5.14844
test_1_7.txt,128,142,0.9,Cuckoo,2,1.46354,2,2,23,5.16927,2,1.49219,364,7.30469,2,1.49219
test_1_7.txt,128,142,0.9,Coalesced,5,1.60938,5,1.56771,102,20.3854,6,1.90104,11,2.33594,7,1.99219
test_1_7.txt,128,128,1,Chained,6,2.54427,6,2.03385,7,2.97135,7,3.46615,6,2.48438,5,3.26562
test_1_7.txt,128,128,1,Linear,115,7.72135,128,128,128,63.7083,253,135.857,124,8.64062,219,13.2422
test_1_7.txt,128,128,1,Cuckoo,2,1.36719,2,2,430,4.88281,2,1.36458,245,6,2,1.35156
test_1_7.txt,128,128,1,Coalesced,4,1.22135,4,1.10417,24,2.92708,4,1.35938,10,2.59375,5,1.39062
test_1_7.txt,128,85,1.5,Chained,6,2.71615,6,2.63542,7,3.48958,7,3.69792,6,2.67188,6,3.375
test_1_7.txt,128,85,1.5,Linear,28,2.40885,31,7.82812,31,7.125,31,11.0052,201,6.17188,24,4.14844
test_1_7.txt,128,85,1.5,Cuckoo,2,1.39583,2,2,11,3.78385,2,1.42708,366,8.77344,2,1.42969
test_1_7.txt,128,85,1.5,Coalesced,4,1.41146,5,1.38542,74,11.8203,5,1.86719,10,2.71094,7,1.875
test_1_7.txt,128,64,2,Chained,8,3.15885,8,3.01562,9,3.93229,9,4.13021,8,3.08594,7,3.5625
test_1_7.txt,128,64,2,Linear,115,7.72135,128,128,128,63.7083,253,135.857,160,12.2031,219,13.2422
test_1_7.txt,128,64,2,Cuckoo,2,1.36719,2,2,430,4.88281,2,1.36458,245,7.25781,2,1.35156
test_1_7.txt,128,64,2,Coalesced,4,1.20833,4,1.10417,24,2.91146,5,1.41406,15,3.07812,6,1.39062
test_1_7.txt,128,51,2.5,Chained,6,3.0625,6,3.4974,7,4.4375,7,4.18229,6,3.11719,7,3.625
test_1_7.txt,128,51,2.5,Linear,9,1.40365,11,2.83854,11,2.84375,11,4.53906,232,8.71875,9,2.88281
test_1_7.txt,128,51,2.5,Cuckoo,2,1.49479,2,2,23,6.78646,2,1.45312,185,6.53125,2,1.46875
test_1_7.txt,128,51,2.5,Coalesced,4,1.3776,4,1.20833,39,4.07812,5,1.55208,11,2.86719,5,1.60938
test_1_7.txt,128,42,3,Chained,8,3.40625,8,4.0599,9,5.03906,9,4.5,8,3.42188,8,3.78906
test_1_7.txt,128,42,3,Linear,13,1.92448,21,6.47917,21,6.36979,21,9.16667,194,6.83594,18,3.75781
test_1_7.txt,128,42,3,Cuckoo,2,1.4375,2,2,22,3.95052,2,1.49219,314,8.98438,2,1.5
test_1_7.txt,128,42,3,Coalesced,5,1.48177,5,1.32292,81,13.4427,6,1.73177,11,3.125,7,1.86719
test_1_7.txt,128,36,3.5,Chained,10,3.80729,10,4.41406,11,5.41927,11,4.89062,10,3.82812,9,3.9375
test_1_7.txt,128,36,3.5,Linear,47,3.16406,51,14.3281,51,15.0781,51,17.9974,189,10.125,44,5.5
test_1_7.txt,128,36,3.5,Cuckoo,2,1.52083,2,2,15,4.17708,2,1.50781,278,8.47656,2,1.5
test_1_7.txt,128,36,3.5,Coalesced,5,1.46615,5,1.44531,89,24.0703,6,1.73438,15,3.16406,7,1.89844
test_1_7.txt,128,32,4,Chained,10,4.08073,10,5.03385,11,5.9974,11,5.10938,10,4.04688,10,4.0625
test_1_7.txt,128,32,4,Linear,115,7.72135,128,128,128,63.7083,253,135.857,160,13.7188,219,13.2422
test_1_7.txt,128,32,4,Cuckoo,2,1.36719,2,2,430,4.88281,2,1.36458,245,8.10156,2,1.35156
test_1_7.txt,128,32,4,Coalesced,3,1.32292,3,1.16146,41,3.96615,4,1.64062,10,3.55469,5,1.63281
test_1_8.txt,256,2560,0.1,Chained,3,2.03255,3,1.10286,4,2.08594,4,3.04818,3,2.04297,4,3.02734
test_1_8.txt,256,2560,0.1,Linear,3,1.03646,4,1.125,4,1.10156,5,2.27344,2,1.04688,5,2.12891
test_1_8.txt,256,2560,0.1,Cuckoo,2,1.20052,2,2,6,3.18099,2,1.21354,4,3.08984,2,1.21094
test_1_8.txt,256,2560,0.1,Coalesced,3,1.03255,3,1.01172,12,1.19922,4,1.10677,4,1.10938,5,1.10938
test_1_8.txt,256,1280,0.2,Chained,4,2.09375,4,1.20443,5,2.20443,5,3.09766,4,2.10156,5,3.05469
test_1_8.txt,256,1280,0.2,Linear,4,1.11979,6,1.28125,6,1.26953,7,2.55469,3,1.11719,7,2.24219
test_1_8.txt,256,1280,0.2,Cuckoo,2,1.32031,2,2,8,3.34375,2,1.34766,8,3.1875,2,1.32422
test_1_8.txt,256,1280,0.2,Coalesced,3,1.09375,2,1.02474,25,1.72656,4,1.19141,4,1.18359,4,1.18359
test_1_8.txt,256,853,0.3,Chained,3,2.07292,3,1.30599,4,2.29036,4,3.09375,3,2.09375,4,3.04297
test_1_8.txt,256,853,0.3,Linear,3,1.09115,6,1.47917,8,1.48958,8,2.8112,3,1.12109,6,2.33984
test_1_8.txt,256,853,0.3,Cuckoo,2,1.41797,2,2,11,3.57031,2,1.41536,8,3.30859,2,1.44531
test_1_8.txt,256,853,0.3,Coalesced,4,1.25781,4,1.07292,54,2.59375,5,1.38932,5,1.45312,7,1.45312
test_1_8.txt,256,640,0.4,Chained,4,2.17708,4,1.42188,5,2.41016,5,3.16016,4,2.17969,5,3.08594
test_1_8.txt,256,640,0.4,Linear,6,1.29688,12,1.86979,9,1.76042,12,3.52083,5,1.27734,9,2.53125
test_1_8.txt,256,640,0.4,Cuckoo,2,1.47266,2,2,17,3.9375,2,1.46875,10,3.40234,2,1.46094
test_1_8.txt,256,640,0.4,Coalesced,3,1.20573,3,1.10026,56,3.6237,4,1.40234,4,1.43359,5,1.43359
test_1_8.txt,256,512,0.5,Chained,4,2.25521,4,1.50781,5,2.4375,5,3.28646,4,2.26172,5,3.10547
test_1_8.txt,256,512,0.5,Linear,9,1.51953,13,2.61068,12,2.42839,13,4.8138,8,1.52344,12,2.96875
test_1_8.txt,256,512,0.5,Cuckoo,2,1.49219,2,2,20,5.28255,2,1.47266,20,3.84766,2,1.47266
test_1_8.txt,256,512,0.5,Coalesced,4,1.23047,4,1.11849,57,4.25521,5,1.41536,5,1.44922,5,1.44922
test_1_8.txt,256,426,0.6,Chained,5,2.25911,5,1.58073,6,2.60807,6,3.26042,5,2.28516,6,3.13281
test_1_8.txt,256,426,0.6,Linear,21,1.76302,32,3.99479,32,3.65495,32,6.6862,25,1.78516,28,3.27734
test_1_8.txt,256,426,0.6,Cuckoo,2,1.40755,2,2,12,3.61979,2,1.40365,733,7.03125,2,1.41406
test_1_8.txt,256,426,0.6,Coalesced,3,1.29818,3,1.17969,73,8.28906,4,1.58594,5,1.57422,5,1.55078
test_1_8.txt,256,365,0.7,Chained,6,2.36979,6,1.69661,7,2.6875,6,3.34375,6,2.39062,6,3.17188
test_1_8.txt,256,365,0.7,Linear,29,2.24089,33,5.76562,33,5.46875,33,9.3099,20,2.32031,30,3.96484
test_1_8.txt,256,365,0.7,Cuckoo,2,1.45182,2,2,10,3.72135,2,1.47396,688,6.55469,2,1.43359
test_1_8.txt,256,365,0.7,Coalesced,3,1.34896,4,1.25911,124,15.0729,5,1.52734,11,1.83594,7,1.65234
test_1_8.txt,256,320,0.8,Chained,6,2.3724,6,1.83984,7,2.79427,6,3.31901,6,2.36328,6,3.16797
test_1_8.txt,256,320,0.8,Linear,52,2.73047,59,9.6849,60,10.4206,60,15.1354,45,2.73047,57,4.70312
test_1_8.txt,256,320,0.8,Cuckoo,2,1.47526,2,2,17,3.94401,2,1.46875,622,6.16797,2,1.46094
test_1_8.txt,256,320,0.8,Coalesced,5,1.43099,5,1.33203,165,26.1107,6,1.71745,9,2.10938,9,1.84375
test_1_8.txt,256,284,0.9,Chained,5,2.44271,5,1.89062,6,2.89974,6,3.4375,5,2.44141,6,3.23438
test_1_8.txt,256,284,0.9,Linear,83,5.83984,99,25.4909,99,24.0729,99,33.7435,85,5.77734,89,7.87109
test_1_8.txt,256,284,0.9,Cuckoo,2,1.35938,2,2,920,5.07552,2,1.38802,546,6.19531,2,1.34766
test_1_8.txt,256,284,0.9,Coalesced,4,1.48438,4,1.47396,185,39.5977,5,1.78776,11,2.20703,7,1.86719
test_1_8.txt,256,256,1,Chained,6,2.47266,6,2.00651,6,2.94792,7,3.47917,6,2.48438,6,3.20312
test_1_8.txt,256,256,1,Linear,229,16.401,256,256,256,126.439,485,267.897,218,14.3789,256,17.8359
test_1_8.txt,256,256,1,Cuckoo,2,1.49609,2,2,20,5.28255,2,1.47266,470,6.15625,2,1.47266
test_1_8.txt,256,256,1,Coalesced,4,1.21745,4,1.11849,55,4.27734,5,1.44922,19,2.60938,5,1.44922
test_1_8.txt,256,170,1.5,Chained,7,2.66406,8,2.47135,9,3.46484,9,3.71615,8,2.70312,7,3.33594
test_1_8.txt,256,170,1.5,Linear,22,1.77865,38,5.51823,38,5.25521,38,8.89583,441,8.80859,30,3.59375
test_1_8.txt,256,170,1.5,Cuckoo,2,1.42448,2,2,13,3.91536,2,1.42057,654,8.47656,2,1.43359
test_1_8.txt,256,170,1.5,Coalesced,5,1.45182,4,1.33594,143,22.2161,6,1.7474,9,2.875,9,1.82031
test_1_8.txt,256,128,2,Chained,7,2.92708,7,3.02734,8,3.92969,8,3.94271,7,2.97266,7,3.44531
test_1_8.txt,256,128,2,Linear,229,16.3997,256,256,256,126.439,485,267.898,317,19.1992,256,17.8359
test_1_8.txt,256,128,2,Cuckoo,2,1.49609,2,2,20,5.28255,2,1.47266,470,7.26172,2,1.47266
test_1_8.txt,256,128,2,Coalesced,4,1.21875,4,1.11849,55,4.21224,5,1.45833,19,3.21094,7,1.44922
test_1_8.txt,256,102,2.5,Chained,7,3.17969,7,3.42969,8,4.39062,8,4.1901,7,3.22656,8,3.51562
test_1_8.txt,256,102,2.5,Linear,11,1.73177,19,3.72005,17,3.61979,19,6.10286,487,10.8594,14,3.29297
test_1_8.txt,256,102,2.5,Cuckoo,2,1.42448,2,2,8,3.5651,2,1.41406,765,10.6133,2,1.4375
test_1_8.txt,256,102,2.5,Coalesced,4,1.29818,3,1.25391,95,8.52734,5,1.60156,11,3.09375,6,1.64453
test_1_8.txt,256,85,3,Chained,9,3.42318,10,3.98958,11,4.98177,11,4.4349,10,3.4375,8,3.66797
test_1_8.txt,256,85,3,Linear,22,1.77865,38,5.51823,38,5.25521,38,8.89583,441,10.6602,30,3.59375
test_1_8.txt,256,85,3,Cuckoo,2,1.42969,2,2,14,3.95182,2,1.4375,693,9.48438,2,1.46484
test_1_8.txt,256,85,3,Coalesced,5,1.46224,4,1.33594,143,22.2253,6,1.74349,10,3.1875,9,1.82031
test_1_8.txt,256,73,3.5,Chained,10,3.77995,10,4.54167,11,5.47656,11,4.76823,10,3.8125,9,3.78906
test_1_8.txt,256,73,3.5,Linear,59,3.52604,73,15.3125,73,15.6979,73,20.3919,372,11.1641,62,5.88281
test_1_8.txt,256,73,3.5,Cuckoo,2,1.46354,2,2,14,4.22526,2,1.48958,547,9.00391,2,1.5
test_1_8.txt,256,73,3.5,Coalesced,5,1.49609,5,1.48177,180,37.2695,6,1.7513,15,3.21875,7,1.91016
test_1_8.txt,256,64,4,Chained,10,4.01172,10,5.13672,11,5.84115,11,4.95182,10,4.05469,10,3.91797
test_1_8.txt,256,64,4,Linear,229,16.3997,256,256,256,126.439,485,267.898,317,20.9805,256,17.8359
test_1_8.txt,256,64,4,Cuckoo,2,1.49609,2,2,20,5.28255,2,1.47266,470,7.89062,2,1.47266
test_1_8.txt,256,64,4,Coalesced,4,1.21745,4,1.11849,55,4.16406,5,1.44922,19,3.45312,7,1.44922
test_1_9.txt,512,5120,0.1,Chained,4,2.03971,3,1.10026,4,2.10026,5,3.03971,4,2.04102,4,3.01562
test_1_9.txt,512,5120,0.1,Linear,3,1.04297,4,1.11328,4,1.11328,6,2.17513,3,1.04492,5,2.08594
test_1_9.txt,512,5120,0.1,Cuckoo,2,1.20247,2,2,6,3.1569,2,1.19857,6,3.09375,2,1.22461
test_1_9.txt,512,5120,0.1,Coalesced,3,1.07487,2,1.01042,41,1.40951,4,1.13281,4,1.1543,4,1.1543
test_1_9.txt,512,2560,0.2,Chained,5,2.0944,3,1.23242,4,2.19076,6,3.08659,5,2.0957,4,3.03906
test_1_9.txt,512,2560,0.2,Linear,7,1.13477,6,1.31445,8,1.25716,10,2.54427,6,1.12891,8,2.24609
test_1_9.txt,512,2560,0.2,Cuckoo,2,1.32812,2,2,8,3.34245,2,1.33398,6,3.18945,2,1.36328
test_1_9.txt,512,2560,0.2,Coalesced,3,1.09701,3,1.02214,45,1.76628,4,1.19596,4,1.17773,5,1.17773
test_1_9.txt,512,1706,0.3,Chained,4,2.15169,4,1.26953,5,2.31315,5,3.15365,4,2.1543,5,3.07422
test_1_9.txt,512,1706,0.3,Linear,5,1.22135,8,1.49284,8,1.53906,8,3.04167,5,1.23242,8,2.44336
test_1_9.txt,512,1706,0.3,Cuckoo,2,1.38021,2,2,12,3.59049,2,1.40039,8,3.2793,2,1.43164
test_1_9.txt,512,1706,0.3,Coalesced,4,1.18294,4,1.07422,84,3.43164,5,1.30078,5,1.34375,6,1.34375
test_1_9.txt,512,1280,0.4,Chained,5,2.20573,5,1.44661,6,2.39844,6,3.17708,5,2.21094,6,3.10156
test_1_9.txt,512,1280,0.4,Linear,15,1.33073,18,1.98112,18,1.86133,18,3.54102,12,1.33594,15,2.5957
test_1_9.txt,512,1280,0.4,Cuckoo,2,1.42448,2,2,15,4.03646,2,1.46094,12,3.45508,2,1.46875
test_1_9.txt,512,1280,0.4,Coalesced,4,1.26562,4,1.09896,110,4.54622,5,1.41341,5,1.45898,7,1.45898
test_1_9.txt,512,1024,0.5,Chained,5,2.24154,5,1.51237,6,2.48763,6,3.24154,5,2.24414,5,3.12305
test_1_9.txt,512,1024,0.5,Linear,12,1.5332,23,2.5332,21,2.63021,23,4.68555,12,1.50391,20,2.94141
test_1_9.txt,512,1024,0.5,Cuckoo,2,1.37109,2,2,12,3.41406,2,1.36979,1537,6.53125,2,1.4082
test_1_9.txt,512,1024,0.5,Coalesced,4,1.29557,4,1.11003,123,6.79427,5,1.46029,5,1.52734,7,1.52734
test_1_9.txt,512,853,0.6,Chained,5,2.27148,5,1.58984,6,2.59701,6,3.28451,5,2.2832,5,3.13281
test_1_9.txt,512,853,0.6,Linear,10,1.57617,17,3.13151,18,3.15625,18,5.23763,8,1.61133,12,3.0957
test_1_9.txt,512,853,0.6,Cuckoo,2,1.38932,2,2,15,3.64453,2,1.38542,1482,6.96484,2,1.44336
test_1_9.txt,512,853,0.6,Coalesced,4,1.41406,4,1.21549,217,17.5091,5,1.64518,9,1.8418,7,1.73828
test_1_9.txt,512,731,0.7,Chained,7,2.4043,7,1.69596,8,2.68945,7,3.39648,7,2.40234,6,3.16797
test_1_9.txt,512,731,0.7,Linear,33,2.63151,49,7.66471,49,7.24805,49,11.7617,32,2.55664,34,4.19531
test_1_9.txt,512,731,0.7,Cuckoo,2,1.30469,2,2,2064,4.83464,2,1.33398,1247,6.13086,2,1.31055
test_1_9.txt,512,731,0.7,Coalesced,5,1.39128,5,1.26758,220,23.543,6,1.62826,12,1.81445,7,1.69141
test_1_9.txt,512,640,0.8,Chained,5,2.39909,5,1.84115,6,2.80469,6,3.35286,5,2.39258,6,3.18555
test_1_9.txt,512,640,0.8,Linear,39,2.38802,57,10.7878,57,10.5436,57,14.1204,35,2.49023,48,4.46094
test_1_9.txt,512,640,0.8,Cuckoo,2,1.42708,2,2,15,4.03516,2,1.45703,1175,6.53516,2,1.46875
test_1_9.txt,512,640,0.8,Coalesced,6,1.5651,7,1.43945,324,47.1217,6,1.7793,11,2.17188,9,1.94531
test_1_9.txt,512,568,0.9,Chained,5,2.41536,5,1.88932,6,2.92448,6,3.39583,5,2.41016,6,3.19531
test_1_9.txt,512,568,0.9,Linear,67,3.36589,120,25.7839,120,24.9733,120,32.888,89,3.33203,97,5.87109
test_1_9.txt,512,568,0.9,Cuckoo,2,1.45638,2,2,19,4.28385,2,1.45443,1066,6.36328,2,1.49219
test_1_9.txt,512,568,0.9,Coalesced,5,1.55208,6,1.52148,404,78.153,6,1.80273,11,2.33594,7,1.95508
test_1_9.txt,512,512,1,Chained,5,2.49674,5,2.02344,6,2.96419,6,3.49544,5,2.49219,6,3.23438
test_1_9.txt,512,512,1,Linear,452,21.1628,512,512,512,249.251,1006,529.719,440,20.8359,513,24.2012
test_1_9.txt,512,512,1,Cuckoo,2,1.37044,2,2,12,3.41406,2,1.37109,1535,9.20703,2,1.4082
test_1_9.txt,512,512,1,Coalesced,4,1.3112,4,1.11003,122,7.89062,5,1.50065,13,2.65234,7,1.52734
test_1_9.txt,512,341,1.5,Chained,8,2.76107,8,2.53385,9,3.50391,9,3.77279,8,2.77734,7,3.36719
test_1_9.txt,512,341,1.5,Linear,39,2.66927,46,7.35938,46,7.33138,46,11.0944,855,14.1191,40,4.33594
test_1_9.txt,512,341,1.5,Cuckoo,2,1.45247,2,2,16,3.79753,2,1.41667,1251,7.63477,2,1.47461
test_1_9.txt,512,341,1.5,Coalesced,5,1.47591,5,1.36263,305,40.1823,6,1.72461,14,2.83008,7,1.85352
test_1_9.txt,512,256,2,Chained,7,2.98047,7,2.98763,8,3.98763,8,3.95833,7,2.97656,7,3.47266
test_1_9.txt,512,256,2,Linear,452,21.1589,512,512,512,249.251,1006,529.716,647,28.5254,513,24.2012
test_1_9.txt,512,256,2,Cuckoo,2,1.37044,2,2,12,3.41406,2,1.37044,1535,10.3613,2,1.4082
test_1_9.txt,512,256,2,Coalesced,4,1.30859,4,1.11068,122,8.07422,5,1.51758,19,3.23242,7,1.52734
test_1_9.txt,512,204,2.5,Chained,9,3.16536,9,3.50651,10,4.4362,10,4.21159,9,3.18164,8,3.56641
test_1_9.txt,512,204,2.5,Linear,16,1.75977,25,4.10938,25,3.94531,25,6.54102,1018,19.127,22,3.45117
test_1_9.txt,512,204,2.5,Cuckoo,2,1.42057,2,2,11,3.55208,2,1.39714,1438,9.4668,2,1.46289
test_1_9.txt,512,204,2.5,Coalesced,4,1.3724,4,1.23568,208,18.2812,5,1.6224,18,3.16016,7,1.68555
test_1_9.txt,512,170,3,Chained,10,3.52214,10,4.0931,11,4.97461,11,4.50065,10,3.51367,9,3.69336
test_1_9.txt,512,170,3,Linear,30,2.11328,44,7.57943,44,7.15951,44,10.2806,822,11.2832,34,4.11914
test_1_9.txt,512,170,3,Cuckoo,2,1.42578,2,2,16,3.92448,2,1.44727,1184,9.02344,2,1.44727
test_1_9.txt,512,170,3,Coalesced,5,1.49935,5,1.30794,293,41.974,6,1.72266,14,3.29102,7,1.85938
test_1_9.txt,512,146,3.5,Chained,11,3.76367,12,4.40625,13,5.44727,13,4.77214,12,3.78906,9,3.78711
test_1_9.txt,512,146,3.5,Linear,70,4.46745,131,27.5221,131,27.9798,131,36.2142,755,11.6016,68,6.54883
test_1_9.txt,512,146,3.5,Cuckoo,2,1.36328,2,2,1851,4.71354,2,1.33333,1022,7.9668,2,1.39453
test_1_9.txt,512,146,3.5,Coalesced,6,1.63867,6,1.59635,403,79.0117,7,1.91602,17,3.42578,9,2.05859
test_1_9.txt,512,128,4,Chained,9,3.9349,9,4.99349,10,5.95898,10,4.88607,9,3.91797,10,3.92578
test_1_9.txt,512,128,4,Linear,452,21.1589,512,512,512,249.251,1006,529.716,647,30.9355,513,24.2012
test_1_9.txt,512,128,4,Cuckoo,2,1.37044,2,2,12,3.41406,2,1.37044,1535,10.9141,2,1.4082
test_1_9.txt,512,128,4,Coalesced,4,1.31055,4,1.11068,122,8.00977,5,1.51562,19,3.5332,7,1.52734
test_1_10.txt,1024,10240,0.1,Chained,4,2.05436,4,1.10189,4,2.09277,5,3.04329,4,2.05273,5,3.02441
test_1_10.txt,1024,10240,0.1,Linear,6,1.07096,7,1.1224,6,1.11523,9,2.23405,6,1.06738,8,2.12402
test_1_10.txt,1024,10240,0.1,Cuckoo,2,1.1901,2,2,6,3.17318,2,1.19336,6,3.0791,2,1.20703
test_1_10.txt,1024,10240,0.1,Coalesced,3,1.07096,3,1.01009,69,1.50358,4,1.12826,4,1.13672,5,1.13672
test_1_10.txt,1024,5120,0.2,Chained,4,2.08105,4,1.19954,5,2.19466,5,3.06673,4,2.08496,5,3.04297
test_1_10.txt,1024,5120,0.2,Linear,6,1.11296,9,1.2806,9,1.27572,9,2.45866,6,1.11523,8,2.23828
test_1_10.txt,1024,5120,0.2,Cuckoo,2,1.32129,2,2,10,3.32585,2,1.32878,6,3.18945,2,1.35156
test_1_10.txt,1024,5120,0.2,Coalesced,4,1.13477,4,1.02702,122,2.72624,5,1.23665,5,1.24707,6,1.24707
test_1_10.txt,1024,3413,0.3,Chained,5,2.13542,5,1.29297,6,2.29622,6,3.13379,5,2.1377,6,3.06641
test_1_10.txt,1024,3413,0.3,Linear,6,1.18783,7,1.48861,8,1.48438,8,2.83659,5,1.19043,7,2.375
test_1_10.txt,1024,3413,0.3,Cuckoo,2,1.39909,2,2,15,3.61654,2,1.41764,8,3.32031,2,1.43359
test_1_10.txt,1024,3413,0.3,Coalesced,4,1.18717,4,1.05013,172,5.27116,5,1.33398,5,1.34863,5,1.34863
test_1_10.txt,1024,2560,0.4,Chained,5,2.19108,5,1.41178,6,2.38965,6,3.16569,5,2.19336,6,3.08594
test_1_10.txt,1024,2560,0.4,Linear,15,1.36198,16,1.97754,17,1.94076,17,3.64779,13,1.36328,16,2.67676
test_1_10.txt,1024,2560,0.4,Cuckoo,2,1.46029,2,2,25,4.09473,2,1.46061,10,3.42578,2,1.48633
test_1_10.txt,1024,2560,0.4,Coalesced,4,1.21582,4,1.08529,195,6.6377,5,1.36751,5,1.41602,7,1.41602
test_1_10.txt,1024,2048,0.5,Chained,5,2.23665,5,1.49414,6,2.49479,6,3.24154,5,2.24414,6,3.11328
test_1_10.txt,1024,2048,0.5,Linear,14,1.48307,19,2.40072,19,2.49609,19,4.41146,12,1.47949,15,2.88184
test_1_10.txt,1024,2048,0.5,Cuckoo,2,1.38151,2,2,3389,5.11133,2,1.39486,24,3.69434,2,1.39746
test_1_10.txt,1024,2048,0.5,Coalesced,5,1.28906,4,1.13574,249,12.0277,6,1.49609,6,1.53125,9,1.53125
test_1_10.txt,1024,1706,0.6,Chained,5,2.29915,5,1.56999,6,2.59668,6,3.30111,5,2.30664,6,3.16309
test_1_10.txt,1024,1706,0.6,Linear,20,1.74447,28,3.3125,28,3.3431,28,5.74577,20,1.74805,23,3.22363
test_1_10.txt,1024,1706,0.6,Cuckoo,2,1.39648,2,2,13,3.59798,2,1.41504,2981,6.81738,2,1.43555
test_1_10.txt,1024,1706,0.6,Coalesced,5,1.38672,4,1.20801,369,30.043,6,1.61165,13,1.73633,8,1.67578
test_1_10.txt,1024,1462,0.7,Chained,5,2.37044,5,1.70703,6,2.71257,6,3.34342,5,2.37109,6,3.17285
test_1_10.txt,1024,1462,0.7,Linear,41,2.35091,55,6.09798,55,5.75195,55,9.24642,35,2.28223,55,3.9668
test_1_10.txt,1024,1462,0.7,Cuckoo,2,1.46549,2,2,13,3.74544,2,1.44987,2472,6.27344,2,1.46777
test_1_10.txt,1024,1462,0.7,Coalesced,6,1.45378,6,1.28646,501,52.5602,7,1.69108,11,1.9248,9,1.77051
test_1_10.txt,1024,1280,0.8,Chained,6,2.40072,6,1.81576,7,2.78743,7,3.37272,6,2.40332,6,3.18359
test_1_10.txt,1024,1280,0.8,Linear,66,2.75098,77,13.1937,77,12.666,77,17.8939,50,2.83203,67,4.9248
test_1_10.txt,1024,1280,0.8,Cuckoo,2,1.46126,2,2,25,4.09733,2,1.45768,2279,6.13281,2,1.48633
test_1_10.txt,1024,1280,0.8,Coalesced,6,1.49512,7,1.36686,622,91.7178,7,1.72591,18,2.08691,11,1.83105
test_1_10.txt,1024,1137,0.9,Chained,6,2.44922,6,1.90495,7,2.92513,7,3.45638,6,2.46484,6,3.20996
test_1_10.txt,1024,1137,0.9,Linear,179,5.44564,183,46.7529,183,44.7725,183,55.0921,155,5.47559,154,8.02539
test_1_10.txt,1024,1137,0.9,Cuckoo,2,1.46484,2,2,24,4.27572,2,1.46842,1821,5.48438,2,1.48828
test_1_10.txt,1024,1137,0.9,Coalesced,6,1.60677,7,1.5791,805,147.68,7,1.8623,14,2.3916,9,2.03809
test_1_10.txt,1024,1024,1,Chained,7,2.48438,7,2.00228,8,2.97982,8,3.48535,7,2.49902,7,3.25879
test_1_10.txt,1024,1024,1,Linear,970,19.5404,1024,1024,1024,509.583,1989,1041.11,1002,21.4775,1024,26.8467
test_1_10.txt,1024,1024,1,Cuckoo,2,1.38184,2,2,3389,5.11133,2,1.39583,1537,5.33105,2,1.39746
test_1_10.txt,1024,1024,1,Coalesced,4,1.27669,4,1.12598,249,11.6152,5,1.49967,18,2.67773,5,1.52441
test_1_10.txt,1024,682,1.5,Chained,8,2.79655,8,2.48405,9,3.49154,9,3.73893,8,2.7793,8,3.37598
test_1_10.txt,1024,682,1.5,Linear,65,2.80306,69,8.49642,69,8.83822,69,13.8379,1785,16.8496,62,4.66602
test_1_10.txt,1024,682,1.5,Cuckoo,2,1.44727,2,2,17,3.9069,2,1.46289,2293,7.7627,2,1.48047
test_1_10.txt,1024,682,1.5,Coalesced,5,1.51497,5,1.34375,603,79.2282,6,1.7347,16,2.81055,8,1.86328
test_1_10.txt,1024,512,2,Chained,8,2.99642,8,3.00977,9,3.96582,9,3.98926,8,3.01855,8,3.49219
test_1_10.txt,1024,512,2,Linear,970,19.541,1024,1024,1024,509.583,1989,1041.11,1283,32.3955,1024,26.8467
test_1_10.txt,1024,512,2,Cuckoo,2,1.38184,2,2,3389,5.11133,2,1.39551,1535,6.67285,2,1.39746
test_1_10.txt,1024,512,2,Coalesced,4,1.2832,4,1.12598,249,11.5397,5,1.4974,18,3.24023,5,1.52441
test_1_10.txt,1024,409,2.5,Chained,10,3.34863,10,3.4974,11,4.46354,11,4.27279,10,3.33594,10,3.66406
test_1_10.txt,1024,409,2.5,Linear,23,1.78418,26,3.42611,26,3.47917,26,5.6735,2036,18.752,23,3.28906
test_1_10.txt,1024,409,2.5,Cuckoo,2,1.43066,2,2,14,3.59863,2,1.42708,2669,8.60742,2,1.46875
test_1_10.txt,1024,409,2.5,Coalesced,5,1.35872,5,1.19173,339,24.5143,6,1.59115,20,3.11035,9,1.64062
test_1_10.txt,1024,341,3,Chained,11,3.50651,11,3.94857,12,4.96289,12,4.43555,11,3.50586,9,3.73438
test_1_10.txt,1024,341,3,Linear,65,2.80273,69,8.49642,69,8.83822,69,13.8379,1785,22.5918,62,4.66602
test_1_10.txt,1024,341,3,Cuckoo,2,1.44434,2,2,18,3.98926,2,1.43717,2221,8.02441,2,1.46289
test_1_10.txt,1024,341,3,Coalesced,5,1.50879,5,1.34375,603,79.0846,6,1.7347,16,3.18945,8,1.86328
test_1_10.txt,1024,292,3.5,Chained,11,3.69727,11,4.50749,12,5.44108,12,4.70703,11,3.72266,10,3.87402
test_1_10.txt,1024,292,3.5,Linear,395,5.57064,438,83.7061,438,87.5215,438,104.178,1469,19.8066,429,8.59375
test_1_10.txt,1024,292,3.5,Cuckoo,2,1.46842,2,2,13,4.06217,2,1.49089,1858,7.31055,2,1.48633
test_1_10.txt,1024,292,3.5,Coalesced,7,1.5651,8,1.55306,743,126.823,8,1.80762,17,3.28223,11,1.97754
test_1_10.txt,1024,256,4,Chained,11,3.95085,11,5.0026,12,5.98079,12,4.93685,11,3.98145,11,3.96875
test_1_10.txt,1024,256,4,Linear,970,19.5417,1024,1024,1024,509.583,1989,1041.1,1283,36.2402,1024,26.8467
test_1_10.txt,1024,256,4,Cuckoo,2,1.38184,2,2,3389,5.11133,2,1.39583,1535,7.25,2,1.39746
test_1_10.txt,1024,256,4,Coalesced,4,1.28516,4,1.12598,249,11.7135,5,1.50521,19,3.53027,5,1.52441
test_1_11.txt,2048,20480,0.1,Chained,4,2.04964,4,1.10286,5,2.09798,5,3.05143,4,2.05078,4,3.02588
test_1_11.txt,2048,20480,0.1,Linear,3,1.05566,5,1.12012,5,1.11898,5,2.22966,3,1.05664,5,2.11426
test_1_11.txt,2048,20480,0.1,Cuckoo,2,1.19499,2,2,8,3.17692,2,1.19059,6,3.09277,2,1.22119
test_1_11.txt,2048,20480,0.1,Coalesced,3,1.05469,3,1.007,111,1.48649,4,1.11849,4,1.11768,5,1.11768
test_1_11.txt,2048,10240,0.2,Chained,5,2.09782,5,1.20882,6,2.19873,6,3.0957,5,2.09717,6,3.04688
test_1_11.txt,2048,10240,0.2,Linear,6,1.12923,8,1.28955,9,1.2863,9,2.52897,6,1.12695,8,2.23975
test_1_11.txt,2048,10240,0.2,Cuckoo,2,1.32292,2,2,10,3.34115,2,1.32552,8,3.19678,2,1.36133
test_1_11.txt,2048,10240,0.2,Coalesced,4,1.1193,4,1.03174,226,3.66895,5,1.22835,5,1.2334,7,1.2334
test_1_11.txt,2048,6826,0.3,Chained,5,2.132,5,1.28939,6,2.30518,5,3.13639,5,2.13672,5,3.06494
test_1_11.txt,2048,6826,0.3,Linear,8,1.1888,13,1.5057,11,1.51335,13,2.90495,8,1.19678,10,2.38965
test_1_11.txt,2048,6826,0.3,Cuckoo,2,1.38184,2,2,14,3.56608,2,1.40137,8,3.26172,2,1.42969
test_1_11.txt,2048,6826,0.3,Coalesced,4,1.18213,4,1.05941,337,8.24251,5,1.33464,5,1.34521,7,1.34521
test_1_11.txt,2048,5120,0.4,Chained,5,2.19792,5,1.40544,6,2.3916,6,3.1971,5,2.19873,6,3.10254
test_1_11.txt,2048,5120,0.4,Linear,13,1.33333,15,1.91325,15,1.89779,15,3.56934,14,1.33984,14,2.63037
test_1_11.txt,2048,5120,0.4,Cuckoo,2,1.44238,2,2,21,4.03662,2,1.45443,22,3.4585,2,1.479
test_1_11.txt,2048,5120,0.4,Coalesced,5,1.23454,5,1.1014,424,14.0609,6,1.41227,6,1.44385,9,1.44385
test_1_11.txt,2048,4096,0.5,Chained,5,2.23291,5,1.5057,6,2.50505,6,3.23324,5,2.2373,6,3.11865
test_1_11.txt,2048,4096,0.5,Linear,21,1.47428,23,2.49137,23,2.52181,23,4.40479,16,1.4707,18,2.85986
test_1_11.txt,2048,4096,0.5,Cuckoo,2,1.42432,2,2,6653,5.72754,2,1.43376,16,3.60547,2,1.34082
test_1_11.txt,2048,4096,0.5,Coalesced,5,1.29606,5,1.13997,511,24.1636,6,1.50309,6,1.55273,9,1.55273
test_1_11.txt,2048,3413,0.6,Chained,5,2.2762,5,1.58838,6,2.60352,6,3.27897,5,2.27344,6,3.13965
test_1_11.txt,2048,3413,0.6,Linear,26,1.65951,26,3.23193,26,3.18831,27,5.41064,25,1.64844,24,3.11035
test_1_11.txt,2048,3413,0.6,Cuckoo,2,1.40885,2,2,14,3.56689,2,1.40609,5608,6.58154,2,1.43164
test_1_11.txt,2048,3413,0.6,Coalesced,5,1.36556,5,1.20605,729,51.5322,6,1.57585,10,1.7207,7,1.66064
test_1_11.txt,2048,2925,0.7,Chained,5,2.3208,5,1.70687,6,2.71322,6,3.32829,5,2.3335,6,3.15479
test_1_11.txt,2048,2925,0.7,Linear,37,2.104,44,5.42578,44,5.54574,44,8.6193,37,2.12891,42,3.81885
test_1_11.txt,2048,2925,0.7,Cuckoo,2,1.43376,2,2,18,3.75911,2,1.44141,5108,6.45898,2,1.46875
test_1_11.txt,2048,2925,0.7,Coalesced,5,1.40007,6,1.27686,914,93.8345,6,1.65381,14,1.84619,7,1.71826
test_1_11.txt,2048,2560,0.8,Chained,6,2.4165,6,1.8208,7,2.79167,7,3.40153,6,2.4043,7,3.20605
test_1_11.txt,2048,2560,0.8,Linear,77,3.15723,103,13.0516,103,12.7922,103,17.7896,82,3.06738,77,5.06738
test_1_11.txt,2048,2560,0.8,Cuckoo,2,1.44222,2,2,21,4.03662,2,1.45345,4037,5.64697,2,1.479
test_1_11.txt,2048,2560,0.8,Coalesced,6,1.48079,7,1.38656,1248,178.948,6,1.71533,19,2.0918,7,1.84814
test_1_11.txt,2048,2275,0.9,Chained,7,2.47217,6,1.89258,8,2.90674,8,3.4611,7,2.46533,7,3.2334
test_1_11.txt,2048,2275,0.9,Linear,282,5.00212,319,47.6123,319,46.8024,319,56.14,256,4.92236,271,7.62061
test_1_11.txt,2048,2275,0.9,Cuckoo,2,1.45736,2,2,36,4.55322,2,1.46973,3989,5.85645,2,1.48633
test_1_11.txt,2048,2275,0.9,Coalesced,8,1.60807,12,1.58236,1623,303.623,8,1.8488,19,2.39404,11,2.03125
test_1_11.txt,2048,2048,1,Chained,7,2.4764,7,2.01693,8,2.99805,8,3.4707,7,2.48047,7,3.23438
test_1_11.txt,2048,2048,1,Linear,1931,33.0083,2048,2048,2048,1021.47,3908,2076.18,1820,31.1167,2049,37.125
test_1_11.txt,2048,2048,1,Cuckoo,2,1.42415,2,2,6653,5.72721,2,1.43327,3507,5.71436,2,1.34082
test_1_11.txt,2048,2048,1,Coalesced,5,1.29997,5,1.13997,512,23.1421,6,1.52018,15,2.70898,7,1.55273
test_1_11.txt,2048,1365,1.5,Chained,8,2.76025,8,2.51953,9,3.49365,9,3.75667,8,2.7583,9,3.37402
test_1_11.txt,2048,1365,1.5,Linear,58,2.46305,78,8.55599,78,8.43001,78,12.5138,3414,19.7549,60,4.22705
test_1_11.txt,2048,1365,1.5,Cuckoo,2,1.4362,2,2,19,3.86963,2,1.44173,4563,7.74121,2,1.4624
test_1_11.txt,2048,1365,1.5,Coalesced,5,1.42594,5,1.32503,1076,136.154,6,1.69482,16,2.73584,9,1.77539
test_1_11.txt,2048,1024,2,Chained,10,2.96436,10,3.02327,11,3.98031,11,3.9458,10,2.96875,9,3.48633
test_1_11.txt,2048,1024,2,Linear,1931,33.0062,2048,2048,2048,1021.47,3908,2076.18,2540,42.3555,2049,37.125
test_1_11.txt,2048,1024,2,Cuckoo,2,1.42432,2,2,6653,5.72721,2,1.43311,3507,6.53076,2,1.34082
test_1_11.txt,2048,1024,2,Coalesced,5,1.27702,5,1.13249,483,21.9923,6,1.479,22,3.24463,7,1.51758
test_1_11.txt,2048,819,2.5,Chained,10,3.29541,10,3.49902,11,4.47982,11,4.27572,10,3.28662,9,3.64941
test_1_11.txt,2048,819,2.5,Linear,23,1.78809,25,3.82699,25,3.69548,25,6.34749,4020,28.6348,24,3.3501
test_1_11.txt,2048,819,2.5,Cuckoo,2,1.43229,2,2,20,3.65674,2,1.42692,5302,8.50244,2,1.45752
test_1_11.txt,2048,819,2.5,Coalesced,4,1.36051,4,1.22607,760,57.6191,5,1.58724,18,3.12207,7,1.66455
test_1_11.txt,2048,682,3,Chained,10,3.47754,10,3.99382,11,4.9834,11,4.4891,10,3.49951,10,3.75684
test_1_11.txt,2048,682,3,Linear,37,2.46273,58,7.36572,58,7.38363,58,10.7204,3430,27.3652,43,4.25635
test_1_11.txt,2048,682,3,Cuckoo,2,1.45622,2,2,16,3.8278,2,1.44417,4791,8.73535,2,1.48047
test_1_11.txt,2048,682,3,Coalesced,6,1.45671,6,1.34717,1139,144,7,1.69271,21,3.17041,9,1.81445
test_1_11.txt,2048,585,3.5,Chained,10,3.72624,10,4.53141,11,5.51025,11,4.75684,10,3.73828,11,3.86279
test_1_11.txt,2048,585,3.5,Linear,336,4.9362,364,45.5353,364,45.4378,364,54.8996,2954,19.7197,363,7.73633
test_1_11.txt,2048,585,3.5,Cuckoo,2,1.36686,2,2,7199,4.76888,2,1.35856,4022,7.91602,2,1.37305
test_1_11.txt,2048,585,3.5,Coalesced,6,1.55127,7,1.51107,1510,268.423,7,1.8016,16,3.2959,9,1.96875
test_1_11.txt,2048,512,4,Chained,12,4.00342,12,5.02425,13,6.00293,13,4.96566,12,3.98535,11,3.99316
test_1_11.txt,2048,512,4,Linear,1931,33.0062,2048,2048,2048,1021.47,3908,2076.19,2540,47.8145,2049,37.125
test_1_11.txt,2048,512,4,Cuckoo,2,1.42432,2,2,6653,5.72721,2,1.43311,3507,7.20166,2,1.34082
test_1_11.txt,2048,512,4,Coalesced,5,1.27913,5,1.13249,483,22.2254,6,1.48454,22,3.52588,7,1.51758
test_1_12.txt,4096,40960,0.1,Chained,4,2.04435,4,1.10311,5,2.09945,5,3.04574,4,2.0459,5,3.02441
test_1_12.txt,4096,40960,0.1,Linear,4,1.05013,5,1.11955,6,1.11751,7,2.21639,4,1.052,6,2.10815
test_1_12.txt,4096,40960,0.1,Cuckoo,2,1.17765,2,2,10,3.20312,2,1.17993,6,3.0957,2,1.20483
test_1_12.txt,4096,40960,0.1,Coalesced,3,1.05518,3,1.00732,222,1.97192,4,1.11051,4,1.11133,5,1.11133
test_1_12.txt,4096,20480,0.2,Chained,4,2.08919,4,1.20728,5,2.20101,5,3.09351,4,2.09277,5,3.04614
test_1_12.txt,4096,20480,0.2,Linear,5,1.111,7,1.28792,9,1.28263,9,2.50293,4,1.11328,7,2.23315
test_1_12.txt,4096,20480,0.2,Cuckoo,2,1.31584,2,2,10,3.33553,2,1.31584,10,3.17871,2,1.3606
test_1_12.txt,4096,20480,0.2,Coalesced,3,1.12712,3,1.02588,447,6.2841,4,1.22616,4,1.22974,5,1.22974
test_1_12.txt,4096,13653,0.3,Chained,5,2.14364,5,1.30241,5,2.29867,6,3.14421,5,2.14331,6,3.07837
test_1_12.txt,4096,13653,0.3,Linear,9,1.20312,12,1.52132,11,1.51009,12,2.89583,8,1.20264,9,2.37988
test_1_12.txt,4096,13653,0.3,Cuckoo,2,1.39771,2,2,12,3.5966,2,1.40633,8,3.29541,2,1.43286
test_1_12.txt,4096,13653,0.3,Coalesced,4,1.16243,4,1.05111,609,13.7895,5,1.30282,5,1.31201,7,1.31201
test_1_12.txt,4096,10240,0.4,Chained,5,2.18384,5,1.41024,6,2.40096,6,3.18286,5,2.18457,6,3.09253
test_1_12.txt,4096,10240,0.4,Linear,10,1.29313,14,1.8658,14,1.87158,14,3.44019,9,1.28955,14,2.57471
test_1_12.txt,4096,10240,0.4,Cuckoo,2,1.44808,2,2,22,4.03182,2,1.44425,12,3.41895,2,1.47119
test_1_12.txt,4096,10240,0.4,Coalesced,6,1.25944,6,1.09554,826,27.142,7,1.41569,7,1.44287,7,1.44287
test_1_12.txt,4096,8192,0.5,Chained,6,2.2347,6,1.51099,7,2.50586,7,3.23649,6,2.23633,6,3.12134
test_1_12.txt,4096,8192,0.5,Linear,16,1.4694,23,2.46476,22,2.48665,23,4.35864,16,1.47144,19,2.84692
test_1_12.txt,4096,8192,0.5,Cuckoo,2,1.4764,2,2,50,5.31698,2,1.48169,22,3.62231,2,1.49683
test_1_12.txt,4096,8192,0.5,Coalesced,5,1.29443,5,1.146,989,42.7782,6,1.48413,6,1.53174,7,1.53174
test_1_12.txt,4096,6826,0.6,Chained,5,2.28231,5,1.58504,6,2.60856,6,3.28638,5,2.28809,6,3.14136
test_1_12.txt,4096,6826,0.6,Linear,40,1.70785,47,3.47355,47,3.53703,47,5.94906,22,1.7124,46,3.23291
test_1_12.txt,4096,6826,0.6,Cuckoo,2,1.39868,2,2,16,3.5988,2,1.40283,11522,6.67651,2,1.44409
test_1_12.txt,4096,6826,0.6,Coalesced,5,1.36426,5,1.20459,1412,96.415,6,1.60156,12,1.70947,9,1.65381
test_1_12.txt,4096,5851,0.7,Chained,6,2.33936,6,1.70028,7,2.68962,7,3.33,6,2.34033,7,3.17725
test_1_12.txt,4096,5851,0.7,Linear,50,2.18758,52,5.99023,52,5.96997,52,9.46769,43,2.1665,47,3.92456
test_1_12.txt,4096,5851,0.7,Cuckoo,2,1.42749,2,2,18,3.81226,2,1.43888,10325,7.3645,2,1.47168
test_1_12.txt,4096,5851,0.7,Coalesced,6,1.39119,6,1.26994,1804,183.189,7,1.6307,13,1.8396,8,1.71069
test_1_12.txt,4096,5120,0.8,Chained,7,2.38053,7,1.81689,8,2.80509,8,3.37549,7,2.37671,7,3.18848
test_1_12.txt,4096,5120,0.8,Linear,119,2.75675,214,14.1194,214,14.0425,214,19.3068,101,2.75244,171,4.85425
test_1_12.txt,4096,5120,0.8,Cuckoo,2,1.4484,2,2,22,4.03101,2,1.44368,8280,5.74072,2,1.47119
test_1_12.txt,4096,5120,0.8,Coalesced,7,1.52938,8,1.42269,2558,376.538,8,1.76481,16,2.1333,10,1.88745
test_1_12.txt,4096,4551,0.9,Chained,7,2.42708,7,1.91007,8,2.89884,8,3.43774,7,2.43945,8,3.22632
test_1_12.txt,4096,4551,0.9,Linear,258,5.30501,296,39.7641,296,39.5828,296,47.5637,252,5.00879,254,7.4187
test_1_12.txt,4096,4551,0.9,Cuckoo,2,1.47217,2,2,41,4.66195,2,1.46785,7754,5.80176,2,1.48389
test_1_12.txt,4096,4551,0.9,Coalesced,11,1.59399,12,1.58,3233,603.453,11,1.84196,16,2.38281,16,2.01538
test_1_12.txt,4096,4096,1,Chained,7,2.47567,7,2.0223,8,3.00407,8,3.48584,7,2.48462,7,3.24048
test_1_12.txt,4096,4096,1,Linear,3948,47.5984,4096,4096,4096,2020.28,7872,4136.89,3748,48.2322,4096,53.906
test_1_12.txt,4096,4096,1,Cuckoo,2,1.47681,2,2,50,5.31714,2,1.48185,7175,5.76782,2,1.49683
test_1_12.txt,4096,4096,1,Coalesced,6,1.29338,6,1.14502,1007,44.5854,7,1.50146,20,2.70679,9,1.54321
test_1_12.txt,4096,2730,1.5,Chained,8,2.77409,8,2.51489,9,3.50057,9,3.74674,8,2.75732,8,3.37671
test_1_12.txt,4096,2730,1.5,Linear,68,2.55957,91,8.57479,92,8.5686,92,12.767,6744,23.9836,91,4.37109
test_1_12.txt,4096,2730,1.5,Cuckoo,2,1.44914,2,2,18,3.79842,2,1.44743,8477,7.10107,2,1.47632
test_1_12.txt,4096,2730,1.5,Coalesced,7,1.47689,8,1.35604,2226,287.957,7,1.7347,17,2.80054,11,1.81885
test_1_12.txt,4096,2048,2,Chained,9,2.97445,9,3.03524,10,4.00643,10,3.97347,9,2.97803,8,3.48682
test_1_12.txt,4096,2048,2,Linear,3948,47.5983,4096,4096,4096,2020.28,7872,4136.89,5061,64.2905,4096,53.906
test_1_12.txt,4096,2048,2,Cuckoo,2,1.47673,2,2,50,5.31746,2,1.48185,7173,6.82031,2,1.49683
test_1_12.txt,4096,2048,2,Coalesced,6,1.29427,6,1.14502,1007,43.8822,7,1.50366,20,3.28491,9,1.54321
test_1_12.txt,4096,1638,2.5,Chained,13,3.27677,13,3.53532,14,4.51034,14,4.26562,13,3.26514,12,3.61621
test_1_12.txt,4096,1638,2.5,Linear,22,1.76424,29,3.73324,29,3.7382,29,6.14543,8098,37.8914,27,3.34985
test_1_12.txt,4096,1638,2.5,Cuckoo,2,1.39933,2,2,16,3.62093,2,1.41455,11197,9.19141,2,1.43823
test_1_12.txt,4096,1638,2.5,Coalesced,5,1.36222,5,1.2085,1444,108.978,6,1.5957,19,3.09497,9,1.64526
test_1_12.txt,4096,1365,3,Chained,11,3.51196,11,4.00521,12,4.99227,12,4.49561,11,3.50171,11,3.74341
test_1_12.txt,4096,1365,3,Linear,68,2.55941,91,8.57479,92,8.5686,92,12.767,6744,32.634,91,4.37109
test_1_12.txt,4096,1365,3,Cuckoo,2,1.4458,2,2,18,3.85514,2,1.44173,8968,8.09009,2,1.46899
test_1_12.txt,4096,1365,3,Coalesced,6,1.46281,7,1.35148,2233,281.407,7,1.71623,20,3.14038,11,1.81128
test_1_12.txt,4096,1170,3.5,Chained,13,3.81348,13,4.52441,14,5.48307,14,4.77881,13,3.78418,12,3.89868
test_1_12.txt,4096,1170,3.5,Linear,176,4.63208,320,37.7511,320,37.4884,320,46.4268,5780,29.071,313,7.08691
test_1_12.txt,4096,1170,3.5,Cuckoo,2,1.33984,2,2,14377,4.61768,2,1.34285,7785,7.72144,2,1.38794
test_1_12.txt,4096,1170,3.5,Coalesced,8,1.5966,12,1.59302,3094,531.197,9,1.85156,20,3.34326,13,2.02686
test_1_12.txt,4096,1024,4,Chained,11,3.95736,11,5.0411,12,6.01937,12,4.94645,11,3.95605,12,3.97046
test_1_12.txt,4096,1024,4,Linear,3948,47.5982,4096,4096,4096,2020.28,7872,4136.89,5061,69.9099,4096,53.906
test_1_12.txt,4096,1024,4,Cuckoo,2,1.47673,2,2,50,5.31746,2,1.48185,7173,7.22852,2,1.49683
test_1_12.txt,4096,1024,4,Coalesced,6,1.2867,5,1.13314,974,42.183,7,1.49349,22,3.54663,9,1.52075
test_1_13.txt,8192,81920,0.1,Chained,4,2.05302,4,1.10026,5,2.10079,5,3.05253,4,2.05103,5,3.02478
test_1_13.txt,8192,81920,0.1,Linear,5,1.05937,5,1.11646,6,1.11686,7,2.2334,5,1.05737,6,2.10925
test_1_13.txt,8192,81920,0.1,Cuckoo,2,1.14966,2,2,37,3.47404,2,1.15133,20,3.14001,2,1.16052
test_1_13.txt,8192,81920,0.1,Coalesced,3,1.05705,3,1.00578,427,2.28967,4,1.11182,4,1.11169,5,1.11169
test_1_13.txt,8192,40960,0.2,Chained,5,2.09965,5,1.20097,6,2.19999,6,3.10185,5,2.09924,6,3.05066
test_1_13.txt,8192,40960,0.2,Linear,6,1.12439,8,1.28044,9,1.28158,9,2.52812,6,1.12329,8,2.23779
test_1_13.txt,8192,40960,0.2,Cuckoo,2,1.27547,2,2,29,3.71049,2,1.27022,20,3.25134,2,1.29333
test_1_13.txt,8192,40960,0.2,Coalesced,4,1.11943,4,1.02527,912,11.0252,5,1.22689,5,1.2323,7,1.2323
test_1_13.txt,8192,27306,0.3,Chained,5,2.14929,5,1.30184,6,2.29639,6,3.14587,5,2.14783,6,3.07678
test_1_13.txt,8192,27306,0.3,Linear,9,1.21765,12,1.51819,11,1.51237,12,2.93127,8,1.21387,12,2.40186
test_1_13.txt,8192,27306,0.3,Cuckoo,2,1.36833,2,2,48,3.99622,2,1.37219,40,3.36743,2,1.39099
test_1_13.txt,8192,27306,0.3,Coalesced,5,1.18091,5,1.05282,1328,30.729,6,1.32694,6,1.34302,7,1.34302
test_1_13.txt,8192,20480,0.4,Chained,5,2.19332,5,1.40161,6,2.39803,6,3.19938,5,2.1936,6,3.09619
test_1_13.txt,8192,20480,0.4,Linear,13,1.32035,17,1.88143,17,1.87866,17,3.54683,11,1.32288,15,2.60022
test_1_13.txt,8192,20480,0.4,Cuckoo,2,1.45178,2,2,28,4.07039,2,1.45435,20,3.45117,2,1.47168
test_1_13.txt,8192,20480,0.4,Coalesced,5,1.23429,5,1.08887,1638,51.2494,6,1.39937,6,1.43518,8,1.43518
test_1_13.txt,8192,16384,0.5,Chained,6,2.25334,6,1.50513,7,2.50069,7,3.25557,6,2.25208,7,3.12268
test_1_13.txt,8192,16384,0.5,Linear,28,1.51013,31,2.56828,30,2.56352,31,4.61499,24,1.51086,27,2.89404
test_1_13.txt,8192,16384,0.5,Cuckoo,2,1.47831,2,2,99,7.15967,2,1.47591,50,3.78125,2,1.49268
test_1_13.txt,8192,16384,0.5,Coalesced,6,1.29899,6,1.14876,2065,87.4318,7,1.50643,7,1.55396,8,1.55396
test_1_13.txt,8192,13653,0.6,Chained,6,2.29252,6,1.6014,7,2.59021,7,3.29293,6,2.29321,7,3.15112
test_1_13.txt,8192,13653,0.6,Linear,31,1.72013,52,3.52942,52,3.51733,52,5.95431,27,1.70898,46,3.20654
test_1_13.txt,8192,13653,0.6,Cuckoo,2,1.37439,2,2,24,3.90133,2,1.3741,22475,6.64844,2,1.39783
test_1_13.txt,8192,13653,0.6,Coalesced,5,1.33419,5,1.19035,2546,158.34,6,1.55501,12,1.64832,9,1.61255
test_1_13.txt,8192,11702,0.7,Chained,6,2.34123,6,1.70406,7,2.69963,7,3.3374,6,2.3418,6,3.17468
test_1_13.txt,8192,11702,0.7,Linear,98,2.16435,103,6.2006,103,6.1436,103,9.50122,100,2.14246,98,3.87769
test_1_13.txt,8192,11702,0.7,Cuckoo,2,1.4113,2,2,24,4.00814,2,1.41353,19547,6.25708,2,1.43542
test_1_13.txt,8192,11702,0.7,Coalesced,7,1.42729,7,1.28308,3881,390.752,8,1.65833,14,1.9043,9,1.76038
test_1_13.txt,8192,10240,0.8,Chained,7,2.39237,7,1.80383,8,2.79801,8,3.39368,7,2.39001,7,3.18945
test_1_13.txt,8192,10240,0.8,Linear,83,2.81641,131,11.3275,131,11.4799,130,15.931,75,2.85461,90,4.84668
test_1_13.txt,8192,10240,0.8,Cuckoo,2,1.45133,2,2,28,4.0708,2,1.45463,17586,6.22986,2,1.47168
test_1_13.txt,8192,10240,0.8,Coalesced,6,1.50187,7,1.40369,4914,684.286,7,1.74679,17,2.09851,11,1.86865
test_1_13.txt,8192,9102,0.9,Chained,7,2.44796,7,1.90544,8,2.89229,8,3.44934,7,2.44495,7,3.22107
test_1_13.txt,8192,9102,0.9,Linear,671,6.462,685,59.845,685,60.0455,685,75.3773,576,6.52563,640,9.05103
test_1_13.txt,8192,9102,0.9,Cuckoo,2,1.46761,2,2,47,4.96806,2,1.46139,15429,5.83972,2,1.48193
test_1_13.txt,8192,9102,0.9,Coalesced,7,1.58744,9,1.57446,6520,1240.65,8,1.85482,17,2.38745,13,2.01562
test_1_13.txt,8192,8192,1,Chained,8,2.49731,8,2.00647,9,3.00366,9,3.50175,8,2.49792,9,3.23962
test_1_13.txt,8192,8192,1,Linear,8103,71.3392,8192,8192,8192,4075.39,16238,8261.97,7693,73.6044,8192,79.0095
test_1_13.txt,8192,8192,1,Cuckoo,2,1.47786,2,2,99,7.16016,2,1.47559,13971,5.82129,2,1.49268
test_1_13.txt,8192,8192,1,Coalesced,6,1.29679,6,1.14876,2065,93.2811,7,1.51534,23,2.69031,8,1.55396
test_1_13.txt,8192,5461,1.5,Chained,8,2.7454,8,2.49866,9,3.50639,9,3.75077,8,2.7467,9,3.36816
test_1_13.txt,8192,5461,1.5,Linear,77,2.43685,83,8.21708,83,8.0826,83,12.0953,13690,34.389,72,4.29309
test_1_13.txt,8192,5461,1.5,Cuckoo,2,1.43164,2,2,27,4.09041,2,1.43669,18237,7.33533,2,1.46008
test_1_13.txt,8192,5461,1.5,Coalesced,6,1.45894,7,1.34562,4480,562.185,7,1.71033,24,2.7915,11,1.81445
test_1_13.txt,8192,4096,2,Chained,9,2.99207,9,3.0094,10,3.99174,10,3.99528,9,2.99475,10,3.48462
test_1_13.txt,8192,4096,2,Linear,8103,71.3396,8192,8192,8192,4075.39,16238,8261.97,10125,98.2205,8192,79.0095
test_1_13.txt,8192,4096,2,Cuckoo,2,1.47786,2,2,99,7.16024,2,1.47559,13975,6.896,2,1.49268
test_1_13.txt,8192,4096,2,Coalesced,6,1.30115,6,1.14091,1984,86.4676,7,1.49695,21,3.28674,9,1.53943
test_1_13.txt,8192,3276,2.5,Chained,13,3.24634,13,3.51676,14,4.52869,14,4.24386,13,3.24829,12,3.62024
test_1_13.txt,8192,3276,2.5,Linear,27,1.78674,38,3.85331,37,3.86047,38,6.32186,16284,55.4048,30,3.35657
test_1_13.txt,8192,3276,2.5,Cuckoo,2,1.38131,2,2,21,3.91219,2,1.38774,21876,9.05054,2,1.40552
test_1_13.txt,8192,3276,2.5,Coalesced,5,1.36202,6,1.21875,2896,209.747,6,1.57694,19,3.11292,9,1.64929
test_1_13.txt,8192,2730,3,Chained,10,3.48885,10,4.02376,11,5.01327,11,4.50244,10,3.49304,10,3.74585
test_1_13.txt,8192,2730,3,Linear,69,2.4386,82,8.54891,82,8.5284,82,12.4842,13668,44.1666,59,4.33594
test_1_13.txt,8192,2730,3,Cuckoo,2,1.42957,2,2,24,4.0623,2,1.43266,18474,8.05432,2,1.45483
test_1_13.txt,8192,2730,3,Coalesced,7,1.46082,8,1.35087,4392,547.884,8,1.7074,26,3.16101,11,1.81262
test_1_13.txt,8192,2340,3.5,Chained,12,3.74207,12,4.50826,13,5.49215,13,4.7548,12,3.7583,11,3.88306
test_1_13.txt,8192,2340,3.5,Linear,178,4.46387,182,29.9246,182,30.2496,182,37.4633,11705,50.0194,164,6.91345
test_1_13.txt,8192,2340,3.5,Cuckoo,2,1.46387,2,2,49,4.81901,2,1.46423,15439,7.62793,2,1.48267
test_1_13.txt,8192,2340,3.5,Coalesced,8,1.57377,10,1.53874,6184,1117.28,8,1.84668,31,3.33313,13,1.98938
test_1_13.txt,8192,2048,4,Chained,13,4.00464,13,5.0201,14,5.99715,14,5.00997,13,4.00269,14,3.9845
test_1_13.txt,8192,2048,4,Linear,8103,71.3398,8192,8192,8192,4075.39,16238,8261.97,10125,106.25,8192,79.0095
test_1_13.txt,8192,2048,4,Cuckoo,2,1.47786,2,2,99,7.16024,2,1.47559,13975,7.42297,2,1.49268
test_1_13.txt,8192,2048,4,Coalesced,6,1.29997,6,1.14091,1984,86.1509,7,1.49605,21,3.57581,9,1.53943
