test_case,n,log_n,alpha,algorithm,search_worst,search_average,height_worst,height_average,insert_worst,insert_average,delete_worst,delete_average,insert_all_worst,insert_all_average,delete_all_worst,delete_all_average,height0_worst,height0_average
test_1_4.txt,15,4,0.1,BST,8,4.41605,7,5.88,8,6.04444,8,5.73333,7,4.4,6,4.06667,6,3.86667
test_1_4.txt,15,4,0.1,AVL,5,3.37901,4,3.94444,14,10.6,9,7.82222,12,8.33333,9,5.33333,4,2.46667
test_1_4.txt,15,4,0.1,Treap,10,3.86296,9,5.51111,11,6.93333,8,5.28889,10,4.93333,9,4.4,4,3.33333
test_1_4.txt,15,4,0.1,Splay,21,7.54321,10,6.04667,21,10.8667,18,8.02222,15,7.53333,11,4.86667,5,3.66667
test_1_4.txt,15,4,0.2,BST,7,3.88472,6,5.26889,7,5.35556,7,4.97778,7,4.4,6,3.33333,6,3.86667
test_1_4.txt,15,4,0.2,AVL,5,3.39028,4,3.96333,14,10.2778,9,7.65556,12,8.33333,9,5.33333,4,2.46667
test_1_4.txt,15,4,0.2,Treap,8,3.90694,7,5.43778,13,7.04444,8,5.3,10,4.93333,7,3.93333,4,3.33333
test_1_4.txt,15,4,0.2,Splay,23,7.37778,11,6.03111,19,10.1556,17,7.58889,15,7.53333,14,5.53333,5,3.66667
test_1_4.txt,15,4,0.3,BST,7,3.87619,6,5.10778,7,5.34074,7,4.88889,7,4.4,5,3.2,6,3.86667
test_1_4.txt,15,4,0.3,AVL,5,3.44762,4,3.92,14,10.3333,9,7.56296,12,8.33333,8,5.13333,4,2.46667
test_1_4.txt,15,4,0.3,Treap,12,4.37778,12,6.47222,17,7.9037,13,6.34074,10,4.93333,9,5,4,3.33333
test_1_4.txt,15,4,0.3,Splay,19,7.19683,11,6.03667,17,9.75556,19,7.67407,15,7.53333,10,4.33333,5,3.66667
test_1_4.txt,15,4,0.4,BST,9,3.81852,8,5.32667,9,5.35,8,4.93333,7,4.4,5,3.2,6,3.86667
test_1_4.txt,15,4,0.4,AVL,5,3.29074,4,3.86444,14,10.3056,9,7.59444,12,8.33333,8,5.33333,4,2.46667
test_1_4.txt,15,4,0.4,Treap,9,4.32037,9,6.07556,15,7.73333,9,5.86667,10,4.93333,8,4.26667,4,3.33333
test_1_4.txt,15,4,0.4,Splay,19,7.34444,11,5.97333,17,10.3111,19,7.81111,15,7.53333,11,5.33333,5,3.66667
test_1_4.txt,15,4,0.5,BST,9,3.96444,9,5.43889,10,5.57778,9,4.98667,7,4.4,5,3,6,3.86667
test_1_4.txt,15,4,0.5,AVL,5,3.30667,4,3.84111,14,10.2489,9,7.63556,12,8.33333,7,5.13333,4,2.46667
test_1_4.txt,15,4,0.5,Treap,9,4.23333,9,5.88333,16,7.69333,10,5.76,10,4.93333,9,4.53333,4,3.33333
test_1_4.txt,15,4,0.5,Splay,19,7.44444,11,6.01556,21,10.0756,16,7.92889,15,7.53333,10,4.26667,5,3.66667
test_1_4.txt,15,4,0.6,BST,9,4,8,5.71778,9,5.5,9,4.91111,7,4.4,7,4.33333,6,3.86667
test_1_4.txt,15,4,0.6,AVL,5,3.38611,4,3.89889,14,10.5593,9,7.61852,12,8.33333,9,5.4,4,2.46667
test_1_4.txt,15,4,0.6,Treap,9,4.24722,9,6.09111,17,7.8037,9,5.84074,10,4.93333,6,3.6,4,3.33333
test_1_4.txt,15,4,0.6,Splay,19,7.38889,11,6.13444,19,10.0519,18,7.92593,15,7.53333,9,5,5,3.66667
test_1_4.txt,15,4,0.7,BST,9,4.03333,9,5.61444,10,5.65079,10,5.00952,7,4.4,7,3.53333,6,3.86667
test_1_4.txt,15,4,0.7,AVL,5,3.47778,4,3.9,14,10.6571,9,7.71429,12,8.33333,7,5.2,4,2.46667
test_1_4.txt,15,4,0.7,Treap,9,4.05556,8,5.59111,16,6.93968,9,5.48889,10,4.93333,8,4.06667,4,3.33333
test_1_4.txt,15,4,0.7,Splay,19,7.19259,11,6.07556,23,9.95238,19,7.89841,15,7.53333,11,5.4,5,3.66667
test_1_4.txt,15,4,0.8,BST,7,3.81111,8,5.31556,9,5.28611,9,4.86944,7,4.4,6,4.13333,6,3.86667
test_1_4.txt,15,4,0.8,AVL,5,3.4,4,3.88333,14,10.5111,9,7.625,12,8.33333,7,5.26667,4,2.46667
test_1_4.txt,15,4,0.8,Treap,10,4.33889,10,6.11222,15,7.23889,11,5.86389,10,4.93333,10,6.06667,4,3.33333
test_1_4.txt,15,4,0.8,Splay,21,7.15556,11,6.10556,21,9.86667,19,7.83611,15,7.53333,14,5.66667,5,3.66667
test_1_4.txt,15,4,0.9,BST,8,4.13333,8,5.28333,9,5.40247,9,5.05926,7,4.4,5,3.4,6,3.86667
test_1_4.txt,15,4,0.9,AVL,5,3.25556,4,3.88556,14,10.4494,9,7.74074,12,8.33333,8,5.2,4,2.46667
test_1_4.txt,15,4,0.9,Treap,8,4.34444,9,5.7,17,7.24691,10,5.62469,10,4.93333,5,3.73333,4,3.33333
test_1_4.txt,15,4,0.9,Splay,21,7.53333,11,6.12667,21,10.1605,18,7.95309,15,7.53333,11,5.06667,5,3.66667
test_1_5.txt,31,5,0.1,BST,10,5.33931,9,7.61774,10,7.13978,10,6.6129,9,5.87097,7,4.32258,8,5.83871
test_1_5.txt,31,5,0.1,AVL,6,4.28017,5,5,16,12.957,11,9.64516,16,10.1935,11,7.29032,5,3.54839
test_1_5.txt,31,5,0.1,Treap,12,4.97133,11,7.61828,15,8.39785,11,6.64516,11,6.25806,7,4.70968,8,4.45161
test_1_5.txt,31,5,0.1,Splay,29,10.0323,16,8.54624,25,12.9785,22,10.8387,17,10.0323,18,7.45161,8,5.67742
test_1_5.txt,31,5,0.2,BST,11,5.04906,10,7.65054,11,6.87634,11,6.24731,9,5.87097,9,4.35484,8,5.83871
test_1_5.txt,31,5,0.2,AVL,6,4.34812,5,5,16,12.7473,11,9.56989,16,10.1935,11,7.22581,5,3.54839
test_1_5.txt,31,5,0.2,Treap,12,5.34005,12,8.53226,20,8.65591,14,7.10753,11,6.25806,9,5.25806,8,4.45161
test_1_5.txt,31,5,0.2,Splay,29,9.87097,14,8.52957,25,13.1075,22,10.2419,17,10.0323,21,7.58065,8,5.67742
test_1_5.txt,31,5,0.3,BST,11,5.02304,10,7.28387,11,6.61649,11,6.17563,9,5.87097,9,4.48387,8,5.83871
test_1_5.txt,31,5,0.3,AVL,6,4.34716,5,5,16,12.8351,11,9.71685,16,10.1935,11,6.96774,5,3.54839
test_1_5.txt,31,5,0.3,Treap,10,5.18356,10,7.50376,19,8.55197,11,6.89247,11,6.25806,8,5.67742,8,4.45161
test_1_5.txt,31,5,0.3,Splay,29,9.99539,15,8.55161,25,13.1004,22,10.4086,17,10.0323,18,7.45161,8,5.67742
test_1_5.txt,31,5,0.4,BST,10,4.7948,9,7.0586,10,6.53495,10,5.98387,9,5.87097,7,4.70968,8,5.83871
test_1_5.txt,31,5,0.4,AVL,6,4.34946,5,5,16,12.8226,11,9.56452,16,10.1935,11,7.35484,5,3.54839
test_1_5.txt,31,5,0.4,Treap,13,5.44355,13,8.29194,20,8.93011,14,7.08065,11,6.25806,14,5.96774,8,4.45161
test_1_5.txt,31,5,0.4,Splay,23,9.85484,15,8.56936,25,13.3763,25,10.4086,17,10.0323,18,7.22581,8,5.67742
test_1_5.txt,31,5,0.5,BST,11,4.94516,10,7.1586,11,6.3914,11,5.88387,9,5.87097,9,4.67742,8,5.83871
test_1_5.txt,31,5,0.5,AVL,6,4.35699,5,5,16,12.4989,11,9.60645,16,10.1935,11,7.25806,5,3.54839
test_1_5.txt,31,5,0.5,Treap,12,5.18387,12,7.97097,25,8.98065,13,6.96344,11,6.25806,11,5.35484,8,4.45161
test_1_5.txt,31,5,0.5,Splay,29,9.69893,16,8.66667,27,13.0043,31,10.686,17,10.0323,14,6.3871,8,5.67742
test_1_5.txt,31,5,0.6,BST,10,4.83333,10,7.16183,11,6.45699,11,6.03405,9,5.87097,8,4.35484,8,5.83871
test_1_5.txt,31,5,0.6,AVL,6,4.29435,5,4.99946,16,12.7222,11,9.62186,16,10.1935,10,6.96774,5,3.54839
test_1_5.txt,31,5,0.6,Treap,12,5.33468,12,7.96183,19,8.68996,13,6.90143,11,6.25806,10,5.3871,8,4.45161
test_1_5.txt,31,5,0.6,Splay,27,10.1586,14,8.70645,29,13.2509,25,10.5896,17,10.0323,16,7.35484,8,5.67742
test_1_5.txt,31,5,0.7,BST,10,5.0233,11,7.46344,12,6.58833,12,6.01229,9,5.87097,7,4.19355,8,5.83871
test_1_5.txt,31,5,0.7,AVL,6,4.32796,5,4.99946,16,12.6052,11,9.67742,16,10.1935,11,7.22581,5,3.54839
test_1_5.txt,31,5,0.7,Treap,12,5.36022,11,8.15161,21,8.96774,13,7.08449,11,6.25806,8,5.16129,8,4.45161
test_1_5.txt,31,5,0.7,Splay,27,9.94982,16,8.77796,31,12.914,26,10.5899,17,10.0323,17,7.67742,8,5.67742
test_1_5.txt,31,5,0.8,BST,10,4.84409,11,7.3086,12,6.54839,11,6.04167,9,5.87097,7,4.22581,8,5.83871
test_1_5.txt,31,5,0.8,AVL,6,4.28763,5,4.99946,16,12.547,11,9.63038,16,10.1935,10,7.09677,5,3.54839
test_1_5.txt,31,5,0.8,Treap,12,5.46774,13,8.38226,25,9.12903,13,7.04704,11,6.25806,9,4.96774,8,4.45161
test_1_5.txt,31,5,0.8,Splay,27,10.1075,15,8.64086,27,12.8925,27,10.6089,17,10.0323,15,6.54839,8,5.67742
test_1_5.txt,31,5,0.9,BST,12,4.95161,11,7.15484,12,6.49582,11,5.99881,9,5.87097,10,4.70968,8,5.83871
test_1_5.txt,31,5,0.9,AVL,6,4.41398,5,4.99839,16,12.6117,11,9.71207,16,10.1935,11,7,5,3.54839
test_1_5.txt,31,5,0.9,Treap,11,5.20968,13,8.1543,22,8.84588,13,7.20311,11,6.25806,11,5.67742,8,4.45161
test_1_5.txt,31,5,0.9,Splay,21,9.4086,15,8.6715,31,13.2628,26,10.546,17,10.0323,18,6.77419,8,5.67742
test_1_6.txt,63,6,0.1,BST,14,6.35303,13,9.85556,14,7.92593,13,7.56614,13,7.47619,9,5.4127,12,8.55556
test_1_6.txt,63,6,0.1,AVL,7,5.23898,6,6,18,14.7831,13,11.8042,18,12.381,13,9.12698,6,4.66667
test_1_6.txt,63,6,0.1,Treap,13,6.24897,12,9.8291,22,10.2328,13,8.12169,17,7.79365,12,6.14286,10,6.49206
test_1_6.txt,63,6,0.1,Splay,33,12.6155,20,11.1717,33,16.2063,26,13.8836,23,12.3968,21,9.85714,11,8.06349
test_1_6.txt,63,6,0.2,BST,13,6.12004,12,9.69656,13,7.57672,13,7.21164,13,7.47619,9,5.52381,12,8.55556
test_1_6.txt,63,6,0.2,AVL,8,5.22222,7,6.03148,18,14.746,15,11.664,18,12.381,13,8.98413,6,4.66667
test_1_6.txt,63,6,0.2,Treap,13,6.24405,14,9.70397,24,10.0794,13,8.08466,17,7.79365,14,6.66667,10,6.49206
test_1_6.txt,63,6,0.2,Splay,37,12.7784,19,11.2225,33,16.2487,29,13.1984,23,12.3968,21,9.33333,11,8.06349
test_1_6.txt,63,6,0.3,BST,14,6.10431,13,9.40767,14,7.79894,13,7.36508,13,7.47619,8,5.38095,12,8.55556
test_1_6.txt,63,6,0.3,AVL,8,5.24981,7,6.02249,18,14.8007,15,11.7972,18,12.381,13,9.04762,6,4.66667
test_1_6.txt,63,6,0.3,Treap,14,6.36697,14,10.3421,23,10.0212,15,8.32981,17,7.79365,13,6.53968,10,6.49206
test_1_6.txt,63,6,0.3,Splay,33,12.6977,18,11.2066,35,16.3968,34,13.1605,23,12.3968,26,10,11,8.06349
test_1_6.txt,63,6,0.4,BST,13,5.91931,12,9.19286,13,7.58995,13,7.10582,13,7.47619,9,5.33333,12,8.55556
test_1_6.txt,63,6,0.4,AVL,7,5.2672,7,6.00556,18,14.8558,15,11.6878,18,12.381,13,9.15873,6,4.66667
test_1_6.txt,63,6,0.4,Treap,16,6.43298,18,10.6799,29,10.2249,19,8.32672,17,7.79365,11,6.26984,10,6.49206
test_1_6.txt,63,6,0.4,Splay,33,12.5159,20,11.2852,37,16.2222,30,13.2778,23,12.3968,19,9.68254,11,8.06349
test_1_6.txt,63,6,0.5,BST,14,6.07037,13,9.32196,14,7.77884,13,7.27407,13,7.47619,9,5.42857,12,8.55556
test_1_6.txt,63,6,0.5,AVL,7,5.24021,7,6.00794,18,14.8582,15,11.6529,18,12.381,13,9.19048,6,4.66667
test_1_6.txt,63,6,0.5,Treap,15,6.5381,17,10.1272,29,10.1185,19,8.45397,17,7.79365,13,6.46032,10,6.49206
test_1_6.txt,63,6,0.5,Splay,33,12.7725,18,11.4016,35,15.9481,33,13.2603,23,12.3968,21,10.4762,11,8.06349
test_1_6.txt,63,6,0.6,BST,14,6.0463,13,8.93677,14,7.59259,14,7.14903,13,7.47619,10,5.38095,12,8.55556
test_1_6.txt,63,6,0.6,AVL,7,5.23082,7,6.02328,18,14.7293,15,11.7654,18,12.381,13,9.11111,6,4.66667
test_1_6.txt,63,6,0.6,Treap,14,6.48479,16,10.2847,26,10.2081,16,8.28836,17,7.79365,11,6.96825,10,6.49206
test_1_6.txt,63,6,0.6,Splay,37,12.6389,18,11.3193,37,16.1534,32,13.3959,23,12.3968,22,9.95238,11,8.06349
test_1_6.txt,63,6,0.7,BST,12,6.02469,14,9.40582,15,7.58957,15,7.1353,13,7.47619,9,5.46032,12,8.55556
test_1_6.txt,63,6,0.7,AVL,7,5.2381,7,6.03042,18,14.8995,15,11.7513,18,12.381,13,9.03175,6,4.66667
test_1_6.txt,63,6,0.7,Treap,15,6.6746,15,10.3042,31,10.0272,16,8.28571,17,7.79365,12,6.28571,10,6.49206
test_1_6.txt,63,6,0.7,Splay,33,12.7108,19,11.405,35,16.0779,31,13.4346,23,12.3968,21,10.5397,11,8.06349
test_1_6.txt,63,6,0.8,BST,14,6.04894,16,9.23836,17,7.6045,15,7.10317,13,7.47619,10,5.52381,12,8.55556
test_1_6.txt,63,6,0.8,AVL,7,5.20635,7,6.01905,18,14.7612,15,11.7705,18,12.381,13,9.07936,6,4.66667
test_1_6.txt,63,6,0.8,Treap,16,6.73545,17,10.5873,28,10.3426,17,8.42262,17,7.79365,16,8.11111,10,6.49206
test_1_6.txt,63,6,0.8,Splay,29,12.6587,17,11.4079,35,16.1019,32,13.5225,23,12.3968,21,9.34921,11,8.06349
test_1_6.txt,63,6,0.9,BST,10,5.5873,14,8.64974,15,7.3639,14,6.88595,13,7.47619,8,5.31746,12,8.55556
test_1_6.txt,63,6,0.9,AVL,7,5.17196,7,6.01984,18,14.8054,15,11.6943,18,12.381,13,9.04762,6,4.66667
test_1_6.txt,63,6,0.9,Treap,13,6.59788,16,10.7111,28,10.3657,15,8.5338,17,7.79365,11,6.50794,10,6.49206
test_1_6.txt,63,6,0.9,Splay,31,13.2116,19,11.5159,35,16.057,32,13.2357,23,12.3968,24,10.4603,11,8.06349
test_1_7.txt,127,7,0.1,BST,16,7.71027,15,12.3345,16,9.53281,15,8.85827,16,8.52756,11,6.61417,15,11.0079
test_1_7.txt,127,7,0.1,AVL,9,6.21435,8,7.24344,20,16.7612,17,13.7717,20,14.3622,15,10.9291,8,5.77953
test_1_7.txt,127,7,0.1,Treap,16,7.86308,15,12.8713,25,11.8504,15,9.95276,22,9.24409,15,8.74803,12,8.7874
test_1_7.txt,127,7,0.1,Splay,41,15.3284,23,13.9735,37,18.9948,32,16.5512,31,15.252,29,12.0945,14,10.9213
test_1_7.txt,127,7,0.2,BST,18,7.29167,17,11.6176,18,8.88583,17,8.46982,16,8.52756,10,6.47244,15,11.0079
test_1_7.txt,127,7,0.2,AVL,9,6.21965,8,7.13648,22,16.9239,17,13.8097,20,14.3622,15,10.9134,8,5.77953
test_1_7.txt,127,7,0.2,Treap,16,7.97933,16,13.0446,29,11.6811,17,9.7874,22,9.24409,14,7.98425,12,8.7874
test_1_7.txt,127,7,0.2,Splay,41,15.3576,22,13.8278,41,19.0105,38,16.0945,31,15.252,24,12.4409,14,10.9213
test_1_7.txt,127,7,0.3,BST,15,7.14042,15,11.7123,16,8.8119,16,8.29834,16,8.52756,12,6.73228,15,11.0079
test_1_7.txt,127,7,0.3,AVL,9,6.19854,8,7.23924,22,16.8066,17,13.7288,20,14.3622,15,10.9843,8,5.77953
test_1_7.txt,127,7,0.3,Treap,19,8.3772,20,14.0194,34,12.2362,19,10.1697,22,9.24409,16,8.09449,12,8.7874
test_1_7.txt,127,7,0.3,Splay,37,15.3753,23,13.871,39,19.042,34,16.063,31,15.252,32,12.7874,14,10.9213
test_1_7.txt,127,7,0.4,BST,16,7.26684,16,11.7793,17,9.02493,16,8.5374,16,8.52756,13,6.77953,15,11.0079
test_1_7.txt,127,7,0.4,AVL,9,6.16317,8,7.09698,21,16.8064,17,13.7224,20,14.3622,15,11.0079,8,5.77953
test_1_7.txt,127,7,0.4,Treap,18,7.97397,18,13.1672,30,11.8766,19,9.92848,22,9.24409,16,8.97638,12,8.7874
test_1_7.txt,127,7,0.4,Splay,41,15.4843,24,14.1451,41,19.0827,43,16.3346,31,15.252,24,12.2362,14,10.9213
test_1_7.txt,127,7,0.5,BST,14,7.13963,15,11.6669,16,8.85984,15,8.32231,16,8.52756,13,6.51181,15,11.0079
test_1_7.txt,127,7,0.5,AVL,9,6.23911,8,7.24803,22,16.7932,17,13.7297,20,14.3622,15,10.9764,8,5.77953
test_1_7.txt,127,7,0.5,Treap,18,8.05853,19,13.5021,31,11.9486,19,10.0688,22,9.24409,14,8.02362,12,8.7874
test_1_7.txt,127,7,0.5,Splay,41,15.2966,24,13.9899,43,19.0283,36,16.2383,31,15.252,30,12.5039,14,10.9213
test_1_7.txt,127,7,0.6,BST,15,6.97638,15,11.1661,16,8.70779,16,8.14348,16,8.52756,12,6.38583,15,11.0079
test_1_7.txt,127,7,0.6,AVL,9,6.23524,8,7.33136,22,16.8902,17,13.7655,20,14.3622,15,11.0236,8,5.77953
test_1_7.txt,127,7,0.6,Treap,17,7.90617,18,12.978,28,11.6824,18,9.7944,22,9.24409,13,7.89764,12,8.7874
test_1_7.txt,127,7,0.6,Splay,45,15.4127,25,14.0144,45,18.8399,41,16.4169,31,15.252,33,12.3307,14,10.9213
test_1_7.txt,127,7,0.7,BST,14,7.00262,15,10.9902,16,8.72029,15,8.24185,16,8.52756,13,6.62992,15,11.0079
test_1_7.txt,127,7,0.7,AVL,9,6.25678,8,7.19265,22,16.9085,17,13.8103,20,14.3622,15,10.9528,8,5.77953
test_1_7.txt,127,7,0.7,Treap,17,8.31015,19,13.568,30,12.2778,19,10.2606,22,9.24409,18,8.17323,12,8.7874
test_1_7.txt,127,7,0.7,Splay,43,15.9624,24,14.0633,45,18.8905,36,16.2392,31,15.252,27,11.9134,14,10.9213
test_1_7.txt,127,7,0.8,BST,13,7.00328,17,10.6698,18,8.64173,16,8.07808,16,8.52756,10,6.29134,15,11.0079
test_1_7.txt,127,7,0.8,AVL,9,6.17192,8,7.1853,22,16.8297,17,13.7425,20,14.3622,15,10.9606,8,5.77953
test_1_7.txt,127,7,0.8,Treap,18,8.15945,18,13.1203,30,11.9816,18,9.97047,22,9.24409,15,7.91339,12,8.7874
test_1_7.txt,127,7,0.8,Splay,35,15.4108,23,14.207,43,19.1083,39,16.3573,31,15.252,31,12.2205,14,10.9213
test_1_7.txt,127,7,0.9,BST,16,7.20997,15,11.1794,16,8.81919,16,8.26888,16,8.52756,12,6.53543,15,11.0079
test_1_7.txt,127,7,0.9,AVL,9,6.27953,8,7.2357,22,16.8335,17,13.7696,20,14.3622,15,10.8031,8,5.77953
test_1_7.txt,127,7,0.9,Treap,17,7.99869,19,13.4268,33,11.9443,20,9.9653,22,9.24409,14,7.72441,12,8.7874
test_1_7.txt,127,7,0.9,Splay,35,15.7087,24,14.327,45,19.035,39,16.2464,31,15.252,31,12.4646,14,10.9213
test_1_8.txt,255,8,0.1,BST,18,8.65933,18,14.1732,19,10.4209,17,10.0092,18,9.94902,13,7.81961,17,13.7137
test_1_8.txt,255,8,0.1,AVL,10,7.16943,9,8.71307,24,18.7529,19,15.7007,22,16.4235,17,12.902,9,6.98824
test_1_8.txt,255,8,0.1,Treap,22,10.0226,21,16.6722,32,14.1595,22,12.1072,26,11.2549,18,10.0314,15,11.4706
test_1_8.txt,255,8,0.1,Splay,45,18.1954,26,16.7402,41,21.9359,38,18.7699,39,17.9569,36,14.9686,20,13.5569
test_1_8.txt,255,8,0.2,BST,18,8.50449,18,14.016,19,10.2379,17,9.66667,18,9.94902,14,7.87059,17,13.7137
test_1_8.txt,255,8,0.2,AVL,10,7.20899,9,8.74627,24,18.8758,19,15.8124,22,16.4235,17,12.9608,9,6.98824
test_1_8.txt,255,8,0.2,Treap,23,10.2121,22,17.3688,37,14.1516,23,12.1922,26,11.2549,17,9.51373,15,11.4706
test_1_8.txt,255,8,0.2,Splay,47,18.2647,26,16.6682,43,22.1412,42,18.8261,39,17.9569,32,15.5569,20,13.5569
test_1_8.txt,255,8,0.3,BST,19,8.31139,18,13.354,19,10.0584,19,9.49804,18,9.94902,13,7.71765,17,13.7137
test_1_8.txt,255,8,0.3,AVL,10,7.19664,9,8.81641,24,18.837,19,15.7769,22,16.4235,19,12.9373,9,6.98824
test_1_8.txt,255,8,0.3,Treap,20,9.71475,21,16.4169,32,13.5617,22,11.6366,26,11.2549,20,9.59608,15,11.4706
test_1_8.txt,255,8,0.3,Splay,45,18.27,28,16.7316,43,22.2148,40,19.0087,39,17.9569,37,15.6235,20,13.5569
test_1_8.txt,255,8,0.4,BST,19,8.35359,18,13.5685,19,10.0964,19,9.57157,18,9.94902,15,7.81569,17,13.7137
test_1_8.txt,255,8,0.4,AVL,10,7.20948,9,8.68987,24,18.9105,19,15.7886,22,16.4235,17,12.9804,9,6.98824
test_1_8.txt,255,8,0.4,Treap,21,9.389,21,16.1808,35,13.185,22,11.2304,26,11.2549,16,8.78431,15,11.4706
test_1_8.txt,255,8,0.4,Splay,45,18.3161,30,16.7766,45,22.0464,44,19.102,39,17.9569,35,15.3961,20,13.5569
test_1_8.txt,255,8,0.5,BST,17,8.3719,17,13.4174,18,10.0588,18,9.56131,18,9.94902,12,7.81569,17,13.7137
test_1_8.txt,255,8,0.5,AVL,10,7.15543,9,8.49987,24,18.902,19,15.7668,22,16.4235,19,12.9843,9,6.98824
test_1_8.txt,255,8,0.5,Treap,21,9.26993,21,15.9476,38,13.3618,22,11.2047,26,11.2549,16,8.80784,15,11.4706
test_1_8.txt,255,8,0.5,Splay,51,18.4573,27,16.852,49,21.9234,42,19.0379,39,17.9569,37,15.1647,20,13.5569
test_1_8.txt,255,8,0.6,BST,18,8.35049,18,13.1988,19,10.0834,18,9.56514,18,9.94902,14,7.69804,17,13.7137
test_1_8.txt,255,8,0.6,AVL,10,7.20392,9,8.74196,24,18.8959,19,15.7806,22,16.4235,17,12.9059,9,6.98824
test_1_8.txt,255,8,0.6,Treap,20,9.27255,21,15.5669,37,13.1492,22,11.1808,26,11.2549,15,9.13333,15,11.4706
test_1_8.txt,255,8,0.6,Splay,51,18.4304,28,16.9057,49,21.9477,47,19.278,39,17.9569,32,15.3451,20,13.5569
test_1_8.txt,255,8,0.7,BST,17,8.39956,18,13.3946,19,10.0657,19,9.50756,18,9.94902,14,7.63137,17,13.7137
test_1_8.txt,255,8,0.7,AVL,10,7.23442,9,8.60346,24,18.9238,19,15.7742,22,16.4235,19,12.9373,9,6.98824
test_1_8.txt,255,8,0.7,Treap,21,9.3244,22,15.6714,33,13.2239,24,11.299,26,11.2549,21,9.99216,15,11.4706
test_1_8.txt,255,8,0.7,Splay,45,18.319,26,16.8945,49,21.9516,46,19.1552,39,17.9569,32,14.7804,20,13.5569
test_1_8.txt,255,8,0.8,BST,16,8.40588,19,14.0086,20,10.1614,18,9.64902,18,9.94902,14,7.8549,17,13.7137
test_1_8.txt,255,8,0.8,AVL,10,7.23431,9,8.57928,24,18.8915,19,15.783,22,16.4235,19,12.9804,9,6.98824
test_1_8.txt,255,8,0.8,Treap,20,9.27614,21,15.8105,35,13.2503,22,11.2399,26,11.2549,20,9.62353,15,11.4706
test_1_8.txt,255,8,0.8,Splay,43,18.3778,27,17.0425,47,22.0225,46,19.2626,39,17.9569,38,15.7373,20,13.5569
test_1_8.txt,255,8,0.9,BST,18,8.21111,18,13.1947,19,9.96834,18,9.45505,18,9.94902,13,7.49804,17,13.7137
test_1_8.txt,255,8,0.9,AVL,10,7.21895,9,8.77085,24,18.8954,19,15.7961,22,16.4235,17,12.8941,9,6.98824
test_1_8.txt,255,8,0.9,Treap,20,9.16471,21,15.628,33,13.2109,23,11.2725,26,11.2549,19,8.80392,15,11.4706
test_1_8.txt,255,8,0.9,Splay,43,18.4837,27,17.0601,49,21.9574,44,19.1784,39,17.9569,32,15.698,20,13.5569
test_1_9.txt,511,9,0.1,BST,22,10.0329,21,16.6057,22,11.8637,22,11.304,21,11.4012,16,9.08415,20,16.4716
test_1_9.txt,511,9,0.1,AVL,11,8.20175,10,9.91761,26,20.9967,21,17.8095,24,18.3268,19,14.8434,10,8.07241
test_1_9.txt,511,9,0.1,Treap,21,10.5217,21,17.779,34,14.4403,22,12.4716,30,13.0176,21,10.4618,17,14.6986
test_1_9.txt,511,9,0.1,Splay,55,21.1052,34,19.7175,57,24.4847,46,21.8043,47,20.9178,48,18.2955,22,16.4012
test_1_9.txt,511,9,0.2,BST,21,9.94084,20,16.2638,21,11.6791,21,11.0884,21,11.4012,15,9.27006,20,16.4716
test_1_9.txt,511,9,0.2,AVL,11,8.21037,10,9.90532,26,20.9126,21,17.8007,24,18.3268,21,14.9785,10,8.07241
test_1_9.txt,511,9,0.2,Treap,24,10.8569,24,18.5677,34,14.7378,24,12.7081,30,13.0176,19,10.3953,17,14.6986
test_1_9.txt,511,9,0.2,Splay,57,21.1102,32,19.5625,55,24.9746,48,21.7003,47,20.9178,40,18.2838,22,16.4012
test_1_9.txt,511,9,0.3,BST,22,9.91529,22,16.0497,23,11.6899,22,11.182,21,11.4012,15,9.02348,20,16.4716
test_1_9.txt,511,9,0.3,AVL,11,8.20324,10,9.86406,26,20.8941,21,17.8156,24,18.3268,21,14.9883,10,8.07241
test_1_9.txt,511,9,0.3,Treap,23,10.7358,23,18.0054,39,14.6975,24,12.671,30,13.0176,20,10.6908,17,14.6986
test_1_9.txt,511,9,0.3,Splay,53,21.166,30,19.6272,49,25.0344,50,21.9376,47,20.9178,40,18.0489,22,16.4012
test_1_9.txt,511,9,0.4,BST,22,9.84431,22,16.2898,23,11.5085,22,10.9643,21,11.4012,16,8.99022,20,16.4716
test_1_9.txt,511,9,0.4,AVL,11,8.20624,10,9.94886,26,20.8927,21,17.8087,24,18.3268,20,14.9198,10,8.07241
test_1_9.txt,511,9,0.4,Treap,28,10.6915,28,18.8033,47,14.6249,27,12.5845,30,13.0176,20,10.2153,17,14.6986
test_1_9.txt,511,9,0.4,Splay,49,21.2002,32,19.6779,55,24.9866,48,22.0189,47,20.9178,42,18.09,22,16.4012
test_1_9.txt,511,9,0.5,BST,20,9.69922,20,15.6007,20,11.4611,21,10.9435,21,11.4012,15,8.99804,20,16.4716
test_1_9.txt,511,9,0.5,AVL,11,8.20789,10,9.90431,26,20.8455,21,17.7834,24,18.3268,21,14.8982,10,8.07241
test_1_9.txt,511,9,0.5,Treap,27,10.6764,26,18.5646,47,14.6034,26,12.5478,30,13.0176,20,10.5969,17,14.6986
test_1_9.txt,511,9,0.5,Splay,53,21.1914,33,19.6999,53,24.8617,55,22.0193,47,20.9178,40,18.1429,22,16.4012
test_1_9.txt,511,9,0.6,BST,21,9.69569,21,16.3295,22,11.3964,21,10.9115,21,11.4012,17,9.06849,20,16.4716
test_1_9.txt,511,9,0.6,AVL,11,8.21649,10,9.93134,26,20.8839,21,17.8158,24,18.3268,20,14.8591,10,8.07241
test_1_9.txt,511,9,0.6,Treap,24,10.6305,25,18.3256,41,14.55,24,12.5936,30,13.0176,19,10.7084,17,14.6986
test_1_9.txt,511,9,0.6,Splay,59,21.2846,32,19.8699,49,24.9,51,22.1487,47,20.9178,41,18.0861,22,16.4012
test_1_9.txt,511,9,0.7,BST,21,9.65112,20,16.0644,21,11.3422,21,10.8253,21,11.4012,15,9.03522,20,16.4716
test_1_9.txt,511,9,0.7,AVL,11,8.17656,10,9.83865,26,20.8305,21,17.7758,24,18.3268,21,14.8787,10,8.07241
test_1_9.txt,511,9,0.7,Treap,24,10.6927,25,18.3062,39,14.6481,25,12.6742,30,13.0176,19,10.8787,17,14.6986
test_1_9.txt,511,9,0.7,Splay,49,21.2357,31,19.8332,55,24.8502,52,22.1099,47,20.9178,44,17.8571,22,16.4012
test_1_9.txt,511,9,0.8,BST,22,9.61138,21,15.727,22,11.3124,22,10.7878,21,11.4012,15,8.91585,20,16.4716
test_1_9.txt,511,9,0.8,AVL,11,8.21543,10,9.93973,26,20.8751,21,17.8196,24,18.3268,21,14.9785,10,8.07241
test_1_9.txt,511,9,0.8,Treap,25,10.9529,25,18.7214,43,14.9012,25,12.8583,30,13.0176,23,11.2094,17,14.6986
test_1_9.txt,511,9,0.8,Splay,51,21.2469,31,19.92,53,24.8839,54,22.1765,47,20.9178,41,17.8395,22,16.4012
test_1_9.txt,511,9,0.9,BST,20,9.37639,20,14.8638,21,11.1073,21,10.606,21,11.4012,15,8.70842,20,16.4716
test_1_9.txt,511,9,0.9,AVL,11,8.17547,10,9.93157,26,20.8753,21,17.8035,24,18.3268,21,14.9883,10,8.07241
test_1_9.txt,511,9,0.9,Treap,23,10.6699,27,18.601,45,14.5801,27,12.6257,30,13.0176,21,10.9237,17,14.6986
test_1_9.txt,511,9,0.9,Splay,53,21.4142,33,20.0541,55,24.908,58,22.1276,47,20.9178,42,18.0704,22,16.4012
test_1_10.txt,1023,10,0.1,BST,24,12.2451,23,20.7868,24,14.0606,24,13.5559,24,12.6774,21,11.4917,23,19.2659
test_1_10.txt,1023,10,0.1,AVL,12,9.21895,11,11,28,22.9791,23,19.8426,28,20.2962,22,16.9384,11,9.17009
test_1_10.txt,1023,10,0.1,Treap,26,12.8411,26,22.3317,47,16.8224,27,14.8449,33,14.7713,20,11.4663,23,17.3783
test_1_10.txt,1023,10,0.1,Splay,59,23.9658,35,22.607,61,27.5995,50,24.9365,51,23.741,56,20.7967,23,19.3412
test_1_10.txt,1023,10,0.2,BST,24,11.5297,24,20.4582,25,13.2447,24,12.7294,24,12.6774,19,10.4262,23,19.2659
test_1_10.txt,1023,10,0.2,AVL,12,9.22642,11,11,28,22.9138,23,19.8341,28,20.2962,22,16.9218,11,9.17009
test_1_10.txt,1023,10,0.2,Treap,26,12.1372,26,21.0864,40,16.1165,27,14.0673,33,14.7713,21,11.7859,23,17.3783
test_1_10.txt,1023,10,0.2,Splay,57,24.0411,35,22.5037,61,27.8113,56,24.7144,51,23.741,50,21.0577,23,19.3412
test_1_10.txt,1023,10,0.3,BST,25,11.2014,24,18.2735,25,12.9383,24,12.4075,24,12.6774,17,10.175,23,19.2659
test_1_10.txt,1023,10,0.3,AVL,12,9.22434,11,11,28,22.95,23,19.852,28,20.2962,23,16.9228,11,9.17009
test_1_10.txt,1023,10,0.3,Treap,25,11.9279,25,20.544,39,15.9095,26,13.8908,33,14.7713,25,12.2102,23,17.3783
test_1_10.txt,1023,10,0.3,Splay,61,24.0295,42,22.642,61,27.9254,55,24.7578,51,23.741,46,20.9746,23,19.3412
test_1_10.txt,1023,10,0.4,BST,23,11.0129,23,18.3005,24,12.7203,24,12.2077,24,12.6774,18,10.1769,23,19.2659
test_1_10.txt,1023,10,0.4,AVL,12,9.20846,11,11,28,22.9137,23,19.8261,28,20.2962,23,16.9668,11,9.17009
test_1_10.txt,1023,10,0.4,Treap,26,12.2873,28,21.5857,43,16.2808,28,14.2476,33,14.7713,22,11.9472,23,17.3783
test_1_10.txt,1023,10,0.4,Splay,59,23.9995,36,22.6758,59,27.8662,59,24.8904,51,23.741,49,21.2053,23,19.3412
test_1_10.txt,1023,10,0.5,BST,23,11.0302,23,18.8762,23,12.7255,23,12.2181,24,12.6774,18,10.3568,23,19.2659
test_1_10.txt,1023,10,0.5,AVL,12,9.2158,11,11,28,22.9275,23,19.8581,28,20.2962,23,16.9492,11,9.17009
test_1_10.txt,1023,10,0.5,Treap,26,12.0192,26,21.2819,43,15.9331,26,13.9883,33,14.7713,23,11.911,23,17.3783
test_1_10.txt,1023,10,0.5,Splay,61,24.1125,35,22.6757,61,27.7644,57,24.938,51,23.741,50,21.1681,23,19.3412
test_1_10.txt,1023,10,0.6,BST,24,10.942,24,18.3466,25,12.6514,23,12.1412,24,12.6774,19,10.3451,23,19.2659
test_1_10.txt,1023,10,0.6,AVL,12,9.21848,11,11,28,22.8952,23,19.835,28,20.2962,23,16.9238,11,9.17009
test_1_10.txt,1023,10,0.6,Treap,27,12.3394,27,21.3559,43,16.349,28,14.3722,33,14.7713,24,12.3558,23,17.3783
test_1_10.txt,1023,10,0.6,Splay,57,24.136,38,22.8185,59,27.7618,58,24.9667,51,23.741,49,20.9541,23,19.3412
test_1_10.txt,1023,10,0.7,BST,22,10.8297,24,17.7203,25,12.5556,25,12.0368,24,12.6774,19,10.0459,23,19.2659
test_1_10.txt,1023,10,0.7,AVL,12,9.20718,11,11,28,22.946,23,19.8483,28,20.2962,23,16.955,11,9.17009
test_1_10.txt,1023,10,0.7,Treap,26,12.2278,27,21.1309,50,16.2028,28,14.1394,33,14.7713,23,11.4565,23,17.3783
test_1_10.txt,1023,10,0.7,Splay,57,24.0899,39,22.8801,61,27.7336,62,24.9514,51,23.741,47,20.9922,23,19.3412
test_1_10.txt,1023,10,0.8,BST,25,11.0393,24,18.3897,25,12.7575,24,12.2318,24,12.6774,19,10.3822,23,19.2659
test_1_10.txt,1023,10,0.8,AVL,12,9.19225,11,11,28,22.9187,23,19.8295,28,20.2962,23,16.9423,11,9.17009
test_1_10.txt,1023,10,0.8,Treap,26,12.0726,27,20.9549,43,16.0464,28,14.0649,33,14.7713,20,11.5239,23,17.3783
test_1_10.txt,1023,10,0.8,Splay,55,24.0964,36,22.9175,61,27.7575,60,25.0062,51,23.741,53,20.9179,23,19.3412
test_1_10.txt,1023,10,0.9,BST,23,10.8625,23,17.637,24,12.5603,24,12.0457,24,12.6774,17,10.1838,23,19.2659
test_1_10.txt,1023,10,0.9,AVL,12,9.23379,11,11,28,22.9317,23,19.854,28,20.2962,23,16.9619,11,9.17009
test_1_10.txt,1023,10,0.9,Treap,26,12.1331,28,21.3594,45,16.1487,28,14.1472,33,14.7713,24,11.8935,23,17.3783
test_1_10.txt,1023,10,0.9,Splay,55,24.3682,36,23.0065,59,27.7294,58,25.0323,51,23.741,50,21.0938,23,19.3412
test_1_11.txt,2047,11,0.1,BST,27,12.9714,26,23.4614,27,14.7583,27,14.157,26,14.0254,22,11.8427,25,21.6199
test_1_11.txt,2047,11,0.1,AVL,13,10.2342,12,12,30,24.9844,25,21.871,30,22.2086,25,18.9707,12,10.3698
test_1_11.txt,2047,11,0.1,Treap,30,13.3329,29,23.4587,55,17.2768,29,15.3522,47,16.1343,27,14.3532,22,21.0733
test_1_11.txt,2047,11,0.1,Splay,69,26.8475,42,25.618,59,30.5975,60,27.9365,59,26.743,53,23.743,28,21.5467
test_1_11.txt,2047,11,0.2,BST,27,12.8189,26,22.8802,27,14.5256,27,13.9911,26,14.0254,24,11.9272,25,21.6199
test_1_11.txt,2047,11,0.2,AVL,13,10.2226,12,12,30,24.9597,25,21.8733,30,22.2086,25,18.9345,12,10.3698
test_1_11.txt,2047,11,0.2,Treap,28,13.2935,27,23.2559,42,17.2667,27,15.2439,47,16.1343,23,13.172,22,21.0733
test_1_11.txt,2047,11,0.2,Splay,71,26.9346,40,25.5676,59,30.7318,61,27.7342,59,26.743,56,23.7562,28,21.5467
test_1_11.txt,2047,11,0.3,BST,27,12.6494,26,22.0858,27,14.4142,27,13.8703,26,14.0254,21,11.7313,25,21.6199
test_1_11.txt,2047,11,0.3,AVL,13,10.2262,12,12,30,24.9491,25,21.8742,30,22.2086,25,18.9873,12,10.3698
test_1_11.txt,2047,11,0.3,Treap,30,13.3095,31,23.5334,43,17.3279,31,15.2956,47,16.1343,25,13.0122,22,21.0733
test_1_11.txt,2047,11,0.3,Splay,69,26.8757,39,25.6248,67,30.7804,66,27.7633,59,26.743,61,23.8481,28,21.5467
test_1_11.txt,2047,11,0.4,BST,26,12.5722,26,21.8476,27,14.3224,26,13.8091,26,14.0254,20,11.7992,25,21.6199
test_1_11.txt,2047,11,0.4,AVL,13,10.2226,12,12,30,24.9397,25,21.853,30,22.2086,25,19.0039,12,10.3698
test_1_11.txt,2047,11,0.4,Treap,32,13.43,32,24.2145,44,17.3932,31,15.4043,47,16.1343,25,13.2628,22,21.0733
test_1_11.txt,2047,11,0.4,Splay,67,26.8972,39,25.7043,65,30.7623,64,27.8661,59,26.743,56,23.8901,28,21.5467
test_1_11.txt,2047,11,0.5,BST,26,12.3786,26,21.6653,27,14.1451,26,13.6035,26,14.0254,21,11.5916,25,21.6199
test_1_11.txt,2047,11,0.5,AVL,13,10.2231,13,12.0088,30,24.9633,27,21.878,30,22.2086,25,18.9424,12,10.3698
test_1_11.txt,2047,11,0.5,Treap,30,13.8033,30,24.5242,49,17.7768,31,15.7857,47,16.1343,31,14.9072,22,21.0733
test_1_11.txt,2047,11,0.5,Splay,63,26.9761,38,25.7274,67,30.6559,72,27.884,59,26.743,54,23.8046,28,21.5467
test_1_11.txt,2047,11,0.6,BST,26,12.4607,27,21.5399,28,14.184,27,13.6545,26,14.0254,22,11.8349,25,21.6199
test_1_11.txt,2047,11,0.6,AVL,13,10.222,12,12,30,24.9682,25,21.8792,30,22.2086,25,18.9687,12,10.3698
test_1_11.txt,2047,11,0.6,Treap,33,13.549,34,23.8769,51,17.5456,34,15.5236,47,16.1343,25,12.9443,22,21.0733
test_1_11.txt,2047,11,0.6,Splay,71,26.9893,40,25.8054,67,30.7186,64,27.8675,59,26.743,58,23.7655,28,21.5467
test_1_11.txt,2047,11,0.7,BST,26,12.2889,26,20.3149,27,14.0143,25,13.4667,26,14.0254,20,11.5911,25,21.6199
test_1_11.txt,2047,11,0.7,AVL,13,10.2189,12,12,30,24.9685,25,21.8808,30,22.2086,25,18.9511,12,10.3698
test_1_11.txt,2047,11,0.7,Treap,32,13.3717,35,23.7335,48,17.3385,30,15.3672,47,16.1343,24,12.8666,22,21.0733
test_1_11.txt,2047,11,0.7,Splay,69,27.0135,42,25.8464,69,30.6792,66,27.9002,59,26.743,57,23.7382,28,21.5467
test_1_11.txt,2047,11,0.8,BST,27,12.4025,26,21.1794,27,14.1075,27,13.5694,26,14.0254,20,11.617,25,21.6199
test_1_11.txt,2047,11,0.8,AVL,13,10.2265,13,12.0036,30,24.9503,27,21.869,30,22.2086,25,18.9878,12,10.3698
test_1_11.txt,2047,11,0.8,Treap,32,13.6303,31,24.1473,50,17.6129,31,15.6252,47,16.1343,26,13.5476,22,21.0733
test_1_11.txt,2047,11,0.8,Splay,67,27.0468,40,25.9642,71,30.6834,66,27.9342,59,26.743,56,23.6444,28,21.5467
test_1_11.txt,2047,11,0.9,BST,24,12.4248,26,21.317,27,14.1671,27,13.6357,26,14.0254,21,11.5413,25,21.6199
test_1_11.txt,2047,11,0.9,AVL,13,10.219,12,12,30,24.9436,25,21.8648,30,22.2086,25,18.9321,12,10.3698
test_1_11.txt,2047,11,0.9,Treap,27,13.1901,33,23.4126,50,17.1306,32,15.1537,47,16.1343,29,13.3942,22,21.0733
test_1_11.txt,2047,11,0.9,Splay,65,27.0865,39,25.9873,69,30.679,65,27.9809,59,26.743,56,23.8368,28,21.5467
test_1_12.txt,4095,12,0.1,BST,30,14.5056,29,26.2525,30,16.3364,29,15.8108,28,15.3966,25,13.2613,27,23.8659
test_1_12.txt,4095,12,0.1,AVL,14,11.2455,13,13,32,27.0295,27,23.9336,32,24.2759,27,21.0173,13,11.5455
test_1_12.txt,4095,12,0.1,Treap,32,15.1345,33,26.8008,50,19.1112,34,17.1036,47,17.1177,30,14.5192,28,22.8908
test_1_12.txt,4095,12,0.1,Splay,73,29.7373,43,28.5416,73,33.6274,66,30.8178,61,29.675,62,26.7411,28,24.4877
test_1_12.txt,4095,12,0.2,BST,29,14.0855,28,25.2322,29,15.8576,28,15.3073,28,15.3966,24,13.2537,27,23.8659
test_1_12.txt,4095,12,0.2,AVL,14,11.2459,13,13,32,27.014,27,23.9153,32,24.2759,27,20.96,13,11.5455
test_1_12.txt,4095,12,0.2,Treap,37,14.9771,37,28.2383,49,18.9977,36,16.968,47,17.1177,28,14.517,28,22.8908
test_1_12.txt,4095,12,0.2,Splay,75,29.7852,43,28.5907,69,33.5867,72,30.6008,61,29.675,61,26.6733,28,24.4877
test_1_12.txt,4095,12,0.3,BST,30,14.005,29,24.8268,30,15.7828,29,15.243,28,15.3966,25,13.1426,27,23.8659
test_1_12.txt,4095,12,0.3,AVL,14,11.2389,14,13.0065,32,27.0113,28,23.9084,32,24.2759,27,20.9866,13,11.5455
test_1_12.txt,4095,12,0.3,Treap,34,14.6816,35,26.263,49,18.7076,33,16.6612,47,17.1177,28,14.5766,28,22.8908
test_1_12.txt,4095,12,0.3,Splay,73,29.7731,44,28.6867,75,33.6488,67,30.7414,61,29.675,59,26.7155,28,24.4877
test_1_12.txt,4095,12,0.4,BST,29,14.0013,28,24.6629,29,15.7702,28,15.2233,28,15.3966,23,13.0911,27,23.8659
test_1_12.txt,4095,12,0.4,AVL,15,11.2405,14,13.0124,32,27.0048,28,23.904,32,24.2759,27,20.9932,13,11.5455
test_1_12.txt,4095,12,0.4,Treap,32,15.1477,32,27.1055,49,19.1637,32,17.1541,47,17.1177,28,14.4996,28,22.8908
test_1_12.txt,4095,12,0.4,Splay,81,29.8206,44,28.7443,75,33.6392,69,30.7499,61,29.675,72,26.6723,28,24.4877
test_1_12.txt,4095,12,0.5,BST,29,13.954,29,25.2445,30,15.7173,28,15.1905,28,15.3966,25,13.0918,27,23.8659
test_1_12.txt,4095,12,0.5,AVL,14,11.2326,14,13.0113,32,26.9876,28,23.9076,32,24.2759,27,20.9634,13,11.5455
test_1_12.txt,4095,12,0.5,Treap,31,14.5796,32,25.819,56,18.5993,33,16.5808,47,17.1177,29,15.1856,28,22.8908
test_1_12.txt,4095,12,0.5,Splay,71,29.8567,47,28.8158,75,33.5741,69,30.7887,61,29.675,59,26.6298,28,24.4877
test_1_12.txt,4095,12,0.6,BST,30,13.9395,29,24.7088,30,15.6846,30,15.1585,28,15.3966,25,12.9883,27,23.8659
test_1_12.txt,4095,12,0.6,AVL,14,11.2287,14,13.0049,32,26.9858,29,23.9023,32,24.2759,27,21.0359,13,11.5455
test_1_12.txt,4095,12,0.6,Treap,31,15.1365,35,26.8599,51,19.1423,33,17.119,47,17.1177,27,14.6432,28,22.8908
test_1_12.txt,4095,12,0.6,Splay,71,29.9104,43,28.8664,79,33.5835,73,30.7649,61,29.675,57,26.8056,28,24.4877
test_1_12.txt,4095,12,0.7,BST,28,13.8074,28,24.4247,29,15.518,29,14.998,28,15.3966,25,12.9883,27,23.8659
test_1_12.txt,4095,12,0.7,AVL,15,11.2465,14,13.1074,34,27.0179,29,23.9262,32,24.2759,27,21.0129,13,11.5455
test_1_12.txt,4095,12,0.7,Treap,35,15.1483,36,27.2027,57,19.1528,35,17.1496,47,17.1177,34,15.927,28,22.8908
test_1_12.txt,4095,12,0.7,Splay,73,29.922,42,28.8548,85,33.5875,71,30.8043,61,29.675,61,26.7392,28,24.4877
test_1_12.txt,4095,12,0.8,BST,29,14.7478,28,25.0104,29,16.4654,29,15.9411,28,15.3966,23,13.9106,27,23.8659
test_1_12.txt,4095,12,0.8,AVL,14,11.2466,14,13.0244,34,26.9841,29,23.9027,32,24.2759,27,20.9668,13,11.5455
test_1_12.txt,4095,12,0.8,Treap,34,14.6822,34,26.2866,58,18.6868,36,16.6954,47,17.1177,27,14.1937,28,22.8908
test_1_12.txt,4095,12,0.8,Splay,69,29.9354,44,28.9083,73,33.5971,71,30.8274,61,29.675,59,26.5944,28,24.4877
test_1_12.txt,4095,12,0.9,BST,27,13.7098,29,24.1097,30,15.4376,30,14.9079,28,15.3966,25,12.9177,27,23.8659
test_1_12.txt,4095,12,0.9,AVL,14,11.2298,14,13.0028,32,26.9652,29,23.8892,32,24.2759,27,21.0112,13,11.5455
test_1_12.txt,4095,12,0.9,Treap,33,14.766,34,26.6972,56,18.7965,34,16.7896,47,17.1177,29,14.4339,28,22.8908
test_1_12.txt,4095,12,0.9,Splay,67,30.0112,45,28.9842,73,33.5702,74,30.8686,61,29.675,67,26.6422,28,24.4877
test_1_13.txt,8191,13,0.1,BST,32,16.1294,32,29.9058,33,17.9465,32,17.3731,31,16.7982,30,14.8323,30,26.4159
test_1_13.txt,8191,13,0.1,AVL,15,12.259,15,14.019,34,29.032,31,25.9462,34,26.2809,29,23.0139,14,12.6919
test_1_13.txt,8191,13,0.1,Treap,39,16.4566,39,29.9854,54,20.4499,39,18.4795,51,18.6195,33,17.3885,29,25.7461
test_1_13.txt,8191,13,0.1,Splay,81,32.6394,48,31.6111,77,36.5548,72,33.6694,67,32.642,63,29.6043,32,27.424
test_1_13.txt,8191,13,0.2,BST,31,15.6097,31,28.5186,32,17.3686,31,16.8245,31,16.7982,28,14.6334,30,26.4159
test_1_13.txt,8191,13,0.2,AVL,15,12.2577,15,14.0017,34,29.0266,29,25.9397,34,26.2809,29,22.9999,14,12.6919
test_1_13.txt,8191,13,0.2,Treap,34,15.8347,35,29.2666,52,19.839,34,17.866,51,18.6195,31,15.8924,29,25.7461
test_1_13.txt,8191,13,0.2,Splay,83,32.6723,49,31.6584,77,36.5376,72,33.6304,67,32.642,65,29.6554,32,27.424
test_1_13.txt,8191,13,0.3,BST,32,15.4471,31,27.597,32,17.213,31,16.6718,31,16.7982,28,14.5601,30,26.4159
test_1_13.txt,8191,13,0.3,AVL,15,12.2618,15,14.0054,34,29.0317,29,25.9238,34,26.2809,29,22.9998,14,12.6919
test_1_13.txt,8191,13,0.3,Treap,35,16.1421,36,29.4756,60,20.1307,37,18.1636,51,18.6195,31,15.9119,29,25.7461
test_1_13.txt,8191,13,0.3,Splay,81,32.6577,49,31.743,79,36.5395,81,33.6163,67,32.642,64,29.5936,32,27.424
test_1_13.txt,8191,13,0.4,BST,31,15.3537,31,27.4327,32,17.0777,31,16.5468,31,16.7982,26,14.5646,30,26.4159
test_1_13.txt,8191,13,0.4,AVL,16,12.2524,15,14.0363,35,29.0231,30,25.9337,34,26.2809,29,23.026,14,12.6919
test_1_13.txt,8191,13,0.4,Treap,34,15.8336,34,28.7385,58,19.8168,35,17.8133,51,18.6195,29,15.1804,29,25.7461
test_1_13.txt,8191,13,0.4,Splay,79,32.7267,46,31.746,77,36.5492,74,33.6146,67,32.642,70,29.6148,32,27.424
test_1_13.txt,8191,13,0.5,BST,32,15.2157,31,29.2863,32,16.9736,32,16.439,31,16.7982,28,14.5087,30,26.4159
test_1_13.txt,8191,13,0.5,AVL,16,12.2509,15,14.0397,36,29.0233,31,25.9278,34,26.2809,29,22.9996,14,12.6919
test_1_13.txt,8191,13,0.5,Treap,34,15.8815,35,29.0889,67,19.8815,35,17.9105,51,18.6195,30,15.7624,29,25.7461
test_1_13.txt,8191,13,0.5,Splay,79,32.7492,47,31.79,79,36.4725,75,33.6959,67,32.642,66,29.5617,32,27.424
test_1_13.txt,8191,13,0.6,BST,32,15.2769,33,28.3,34,17.0129,33,16.4748,31,16.7982,27,14.5324,30,26.4159
test_1_13.txt,8191,13,0.6,AVL,16,12.2545,15,14.0655,36,29.0279,31,25.9262,34,26.2809,29,22.9974,14,12.6919
test_1_13.txt,8191,13,0.6,Treap,36,16.1404,37,29.0038,54,20.1215,35,18.1166,51,18.6195,31,16.2326,29,25.7461
test_1_13.txt,8191,13,0.6,Splay,85,32.753,48,31.8902,81,36.5074,79,33.686,67,32.642,66,29.5861,32,27.424
test_1_13.txt,8191,13,0.7,BST,30,15.2259,31,27.4057,32,16.9683,32,16.4414,31,16.7982,27,14.4759,30,26.4159
test_1_13.txt,8191,13,0.7,AVL,16,12.2588,15,14.0509,36,29.011,31,25.9386,34,26.2809,29,23.0178,14,12.6919
test_1_13.txt,8191,13,0.7,Treap,37,16.198,38,29.5205,57,20.1817,39,18.1924,51,18.6195,30,15.6442,29,25.7461
test_1_13.txt,8191,13,0.7,Splay,77,32.7873,46,31.9493,87,36.4928,74,33.7307,67,32.642,67,29.5494,32,27.424
test_1_13.txt,8191,13,0.8,BST,31,16.2132,33,28.5214,34,17.9395,33,17.4103,31,16.7982,30,15.4407,30,26.4159
test_1_13.txt,8191,13,0.8,AVL,16,12.2501,15,14.139,36,29.0038,31,25.9177,34,26.2809,29,22.9705,14,12.6919
test_1_13.txt,8191,13,0.8,Treap,36,16.0394,35,29.4297,63,20.0546,37,18.0496,51,18.6195,30,16.2793,29,25.7461
test_1_13.txt,8191,13,0.8,Splay,83,32.7989,49,31.9812,81,36.485,90,33.7677,67,32.642,66,29.5296,32,27.424
test_1_13.txt,8191,13,0.9,BST,29,15.1841,31,27.0535,32,16.9324,31,16.4069,31,16.7982,26,14.4506,30,26.4159
test_1_13.txt,8191,13,0.9,AVL,16,12.251,15,14.0621,36,29.0029,31,25.9214,34,26.2809,29,23.0095,14,12.6919
test_1_13.txt,8191,13,0.9,Treap,33,16.0875,37,29.5407,55,20.0724,38,18.0778,51,18.6195,33,16.0836,29,25.7461
test_1_13.txt,8191,13,0.9,Splay,87,32.8527,49,32.094,81,36.4677,78,33.7753,67,32.642,70,29.4473,32,27.424
